AIRFOIL_LE_TE_V4
0.997479 0.004096
0.990400 0.002684
0.983312 0.001315
0.976217 -0.000013
0.969113 -0.001297
0.962002 -0.002539
0.954884 -0.003738
0.947759 -0.004895
0.940627 -0.006008
0.933488 -0.007079
0.926344 -0.008108
0.919193 -0.009094
0.912036 -0.010038
0.904874 -0.010939
0.897707 -0.011798
0.890535 -0.012615
0.883359 -0.013391
0.876178 -0.014125
0.868993 -0.014817
0.861804 -0.015469
0.854612 -0.016080
0.847416 -0.016650
0.840217 -0.017179
0.833015 -0.017669
0.825811 -0.018119
0.818605 -0.018530
0.811396 -0.018902
0.804185 -0.019235
0.796973 -0.019530
0.789759 -0.019788
0.782544 -0.020007
0.775328 -0.020190
0.768112 -0.020337
0.760894 -0.020447
0.753676 -0.020521
0.746458 -0.020561
0.739240 -0.020565
0.732022 -0.020535
0.724804 -0.020472
0.717586 -0.020375
0.710369 -0.020245
0.703153 -0.020083
0.695937 -0.019890
0.688722 -0.019665
0.681509 -0.019409
0.674296 -0.019123
0.667085 -0.018808
0.659875 -0.018463
0.652666 -0.018089
0.645459 -0.017688
0.638253 -0.017259
0.631049 -0.016803
0.623847 -0.016321
0.616647 -0.015812
0.609448 -0.015278
0.602252 -0.014720
0.595057 -0.014137
0.587864 -0.013530
0.580673 -0.012901
0.573485 -0.012248
0.566298 -0.011574
0.559113 -0.010878
0.551930 -0.010160
0.544750 -0.009423
0.537571 -0.008665
0.530395 -0.007888
0.523221 -0.007093
0.516048 -0.006278
0.508878 -0.005446
0.501710 -0.004597
0.494544 -0.003731
0.487379 -0.002849
0.480217 -0.001950
0.473057 -0.001037
0.465898 -0.000109
0.458741 0.000833
0.451587 0.001789
0.444434 0.002759
0.437282 0.003741
0.430133 0.004735
0.422985 0.005742
0.415838 0.006759
0.408694 0.007788
0.401550 0.008826
0.394408 0.009875
0.387268 0.010934
0.380129 0.012001
0.372991 0.013077
0.365854 0.014161
0.358719 0.015253
0.351585 0.016352
0.344452 0.017458
0.337319 0.018571
0.330188 0.019690
0.323058 0.020814
0.315928 0.021944
0.308800 0.023078
0.301672 0.024218
0.294544 0.025361
0.287418 0.026508
0.280291 0.027659
0.273166 0.028813
0.266041 0.029970
0.258916 0.031129
0.251791 0.032290
0.244667 0.033453
0.237543 0.034618
0.230420 0.035784
0.223296 0.036951
0.216173 0.038118
0.209050 0.039286
0.201926 0.040455
0.194803 0.041623
0.187680 0.042790
0.180556 0.043958
0.173433 0.045124
0.166309 0.046290
0.159185 0.047454
0.152061 0.048617
0.144936 0.049779
0.137812 0.050939
0.130687 0.052097
0.123561 0.053254
0.116436 0.054408
0.109310 0.055560
0.102184 0.056710
0.095056 0.057858
0.087929 0.059004
0.080801 0.060147
0.073674 0.061287
0.066493 0.061989
0.059280 0.061876
0.052125 0.060950
0.045120 0.059222
0.038354 0.056715
0.031913 0.053461
0.025880 0.049500
0.020331 0.044884
0.015336 0.039671
0.010961 0.033928
0.007260 0.027727
0.004280 0.021149
0.002059 0.014276
0.000627 0.007196
0.000000 0.000000
0.000187 -0.007221
0.001186 -0.014375
0.002984 -0.021371
0.005558 -0.028119
0.008875 -0.034534
0.012892 -0.040533
0.017560 -0.046042
0.022818 -0.050988
0.028599 -0.055309
0.034829 -0.058951
0.041430 -0.061866
0.048317 -0.064018
0.055399 -0.065399
0.062530 -0.066518
0.069665 -0.067609
0.076805 -0.068671
0.083950 -0.069705
0.091098 -0.070710
0.098250 -0.071687
0.105405 -0.072636
0.112564 -0.073556
0.119728 -0.074449
0.126894 -0.075312
0.134064 -0.076148
0.141237 -0.076955
0.148414 -0.077734
0.155593 -0.078485
0.162775 -0.079208
0.169960 -0.079903
0.177147 -0.080571
0.184337 -0.081210
0.191529 -0.081821
0.198724 -0.082405
0.205921 -0.082962
0.213120 -0.083490
0.220321 -0.083992
0.227523 -0.084466
0.234728 -0.084913
0.241934 -0.085333
0.249141 -0.085726
0.256350 -0.086092
0.263561 -0.086431
0.270772 -0.086744
0.277985 -0.087030
0.285198 -0.087290
0.292413 -0.087523
0.299628 -0.087731
0.306844 -0.087912
0.314061 -0.088068
0.321278 -0.088198
0.328495 -0.088302
0.335713 -0.088381
0.342931 -0.088435
0.350149 -0.088463
0.357368 -0.088467
0.364586 -0.088446
0.371804 -0.088400
0.379022 -0.088329
0.386240 -0.088234
0.393457 -0.088115
0.400674 -0.087972
0.407890 -0.087805
0.415106 -0.087614
0.422321 -0.087399
0.429535 -0.087161
0.436749 -0.086899
0.443961 -0.086615
0.451173 -0.086307
0.458384 -0.085976
0.465593 -0.085623
0.472802 -0.085247
0.480009 -0.084849
0.487215 -0.084429
0.494420 -0.083986
0.501623 -0.083522
0.508825 -0.083036
0.516026 -0.082528
0.523224 -0.081998
0.530422 -0.081447
0.537617 -0.080876
0.544811 -0.080283
0.552003 -0.079669
0.559194 -0.079034
0.566382 -0.078379
0.573569 -0.077703
0.580754 -0.077007
0.587936 -0.076291
0.595117 -0.075555
0.602296 -0.074799
0.609472 -0.074023
0.616647 -0.073227
0.623819 -0.072412
0.630989 -0.071578
0.638157 -0.070724
0.645322 -0.069852
0.652485 -0.068960
0.659646 -0.068050
0.666804 -0.067120
0.673960 -0.066173
0.681114 -0.065206
0.688265 -0.064222
0.695413 -0.063219
0.702559 -0.062198
0.709702 -0.061159
0.716843 -0.060102
0.723981 -0.059027
0.731116 -0.057935
0.738249 -0.056825
0.745378 -0.055697
0.752505 -0.054552
0.759630 -0.053390
0.766751 -0.052211
0.773870 -0.051014
0.780986 -0.049800
0.788098 -0.048570
0.795208 -0.047323
0.802315 -0.046058
0.809419 -0.044778
0.816520 -0.043480
0.823618 -0.042166
0.830713 -0.040836
0.837805 -0.039489
0.844894 -0.038126
0.851979 -0.036746
0.859061 -0.035350
0.866141 -0.033939
0.873217 -0.032511
0.880289 -0.031067
0.887359 -0.029606
0.894425 -0.028130
0.901488 -0.026639
0.908547 -0.025131
0.915603 -0.023607
0.922656 -0.022068
0.929705 -0.020512
0.936750 -0.018941
0.943793 -0.017355
0.950831 -0.015752
0.957866 -0.014134
0.964898 -0.012500
0.971925 -0.010851
0.974765 -0.009190
0.977604 -0.007529
0.980443 -0.005868
0.983282 -0.004208
0.986122 -0.002547
0.988961 -0.000886
0.991800 0.000775
0.994639 0.002436
0.997479 0.004096
