AIRFOIL_LE_TE_V4
0.999216 0.001151
0.992184 -0.000468
0.985141 -0.002040
0.978088 -0.003566
0.971025 -0.005044
0.963952 -0.006475
0.956870 -0.007859
0.949778 -0.009196
0.942679 -0.010485
0.935570 -0.011728
0.928454 -0.012923
0.921330 -0.014071
0.914198 -0.015172
0.907059 -0.016226
0.899914 -0.017234
0.892762 -0.018195
0.885604 -0.019109
0.878441 -0.019978
0.871272 -0.020800
0.864098 -0.021577
0.856919 -0.022308
0.849735 -0.022995
0.842548 -0.023637
0.835357 -0.024234
0.828162 -0.024787
0.820964 -0.025297
0.813763 -0.025764
0.806560 -0.026187
0.799354 -0.026568
0.792146 -0.026908
0.784936 -0.027206
0.777724 -0.027462
0.770511 -0.027679
0.763298 -0.027855
0.756083 -0.027992
0.748868 -0.028090
0.741652 -0.028149
0.734436 -0.028171
0.727220 -0.028155
0.720004 -0.028102
0.712789 -0.028014
0.705574 -0.027889
0.698359 -0.027730
0.691146 -0.027536
0.683933 -0.027308
0.676722 -0.027047
0.669512 -0.026754
0.662304 -0.026428
0.655096 -0.026071
0.647891 -0.025683
0.640687 -0.025265
0.633485 -0.024817
0.626284 -0.024341
0.619086 -0.023836
0.611890 -0.023303
0.604695 -0.022743
0.597503 -0.022157
0.590313 -0.021545
0.583125 -0.020908
0.575940 -0.020246
0.568756 -0.019560
0.561575 -0.018851
0.554397 -0.018119
0.547220 -0.017364
0.540046 -0.016588
0.532874 -0.015791
0.525704 -0.014974
0.518537 -0.014137
0.511372 -0.013281
0.504209 -0.012406
0.497048 -0.011514
0.489890 -0.010603
0.482734 -0.009676
0.475580 -0.008733
0.468428 -0.007774
0.461278 -0.006800
0.454130 -0.005811
0.446983 -0.004808
0.439839 -0.003792
0.432697 -0.002763
0.425557 -0.001721
0.418418 -0.000667
0.411281 0.000398
0.404145 0.001473
0.397011 0.002560
0.389879 0.003656
0.382748 0.004761
0.375619 0.005875
0.368490 0.006998
0.361363 0.008128
0.354238 0.009266
0.347113 0.010410
0.339989 0.011562
0.332867 0.012719
0.325745 0.013882
0.318624 0.015049
0.311504 0.016222
0.304384 0.017399
0.297266 0.018580
0.290147 0.019764
0.283030 0.020951
0.275912 0.022141
0.268796 0.023333
0.261679 0.024527
0.254563 0.025723
0.247447 0.026920
0.240331 0.028118
0.233215 0.029316
0.226098 0.030514
0.218982 0.031713
0.211866 0.032910
0.204750 0.034108
0.197634 0.035304
0.190517 0.036498
0.183401 0.037692
0.176283 0.038883
0.169166 0.040072
0.162048 0.041260
0.154930 0.042444
0.147811 0.043626
0.140692 0.044805
0.133573 0.045981
0.126453 0.047154
0.119332 0.048323
0.112211 0.049489
0.105089 0.050652
0.097966 0.051810
0.090843 0.052965
0.083719 0.054116
0.076595 0.055263
0.069470 0.056406
0.062295 0.057135
0.055085 0.056996
0.047944 0.055991
0.040975 0.054134
0.034279 0.051454
0.027954 0.047988
0.022092 0.043787
0.016776 0.038912
0.012084 0.033433
0.008085 0.027429
0.004835 0.020989
0.002383 0.014204
0.000763 0.007174
0.000000 0.000000
0.000104 -0.007214
0.001073 -0.014363
0.002895 -0.021343
0.005541 -0.028054
0.008975 -0.034399
0.013145 -0.040284
0.017993 -0.045626
0.023447 -0.050346
0.029428 -0.054377
0.035850 -0.057659
0.042620 -0.060145
0.049640 -0.061800
0.056766 -0.062935
0.063897 -0.064041
0.071031 -0.065121
0.078170 -0.066175
0.085312 -0.067204
0.092458 -0.068208
0.099608 -0.069186
0.106761 -0.070138
0.113917 -0.071066
0.121076 -0.071967
0.128239 -0.072844
0.135405 -0.073695
0.142573 -0.074520
0.149745 -0.075321
0.156919 -0.076096
0.164096 -0.076846
0.171276 -0.077570
0.178458 -0.078270
0.185642 -0.078944
0.192829 -0.079593
0.200018 -0.080217
0.207209 -0.080816
0.214402 -0.081390
0.221598 -0.081939
0.228795 -0.082463
0.235993 -0.082962
0.243194 -0.083436
0.250396 -0.083886
0.257599 -0.084310
0.264804 -0.084711
0.272010 -0.085086
0.279218 -0.085437
0.286426 -0.085763
0.293636 -0.086065
0.300847 -0.086342
0.308058 -0.086595
0.315271 -0.086824
0.322484 -0.087028
0.329698 -0.087208
0.336912 -0.087364
0.344127 -0.087496
0.351342 -0.087603
0.358558 -0.087687
0.365773 -0.087746
0.372989 -0.087782
0.380205 -0.087794
0.387421 -0.087782
0.394637 -0.087746
0.401853 -0.087686
0.409069 -0.087602
0.416284 -0.087495
0.423499 -0.087365
0.430713 -0.087210
0.437927 -0.087032
0.445140 -0.086831
0.452353 -0.086606
0.459564 -0.086358
0.466775 -0.086087
0.473985 -0.085792
0.481194 -0.085474
0.488402 -0.085133
0.495609 -0.084768
0.502815 -0.084381
0.510019 -0.083970
0.517222 -0.083536
0.524423 -0.083079
0.531623 -0.082600
0.538822 -0.082097
0.546019 -0.081571
0.553214 -0.081023
0.560407 -0.080451
0.567599 -0.079857
0.574788 -0.079240
0.581976 -0.078601
0.589162 -0.077938
0.596345 -0.077253
0.603526 -0.076545
0.610705 -0.075814
0.617882 -0.075061
0.625056 -0.074286
0.632228 -0.073487
0.639397 -0.072666
0.646563 -0.071823
0.653727 -0.070957
0.660888 -0.070069
0.668047 -0.069158
0.675202 -0.068224
0.682355 -0.067268
0.689504 -0.066290
0.696650 -0.065290
0.703794 -0.064266
0.710933 -0.063221
0.718070 -0.062153
0.725203 -0.061063
0.732333 -0.059950
0.739459 -0.058816
0.746582 -0.057658
0.753701 -0.056479
0.760816 -0.055277
0.767928 -0.054053
0.775035 -0.052806
0.782139 -0.051537
0.789239 -0.050246
0.796334 -0.048933
0.803426 -0.047597
0.810513 -0.046239
0.817596 -0.044859
0.824674 -0.043457
0.831748 -0.042032
0.838818 -0.040585
0.845883 -0.039115
0.852943 -0.037624
0.859998 -0.036110
0.867049 -0.034573
0.874096 -0.033015
0.881137 -0.031434
0.888173 -0.029831
0.895203 -0.028205
0.902229 -0.026558
0.909249 -0.024888
0.916264 -0.023196
0.923273 -0.021481
0.930277 -0.019745
0.937275 -0.017986
0.944268 -0.016204
0.951255 -0.014400
0.958237 -0.012575
0.965212 -0.010726
0.972182 -0.008856
0.975186 -0.007744
0.978189 -0.006632
0.981193 -0.005520
0.984197 -0.004408
0.987201 -0.003297
0.990204 -0.002185
0.993208 -0.001073
0.996212 0.000039
0.999216 0.001151
