AIRFOIL_LE_TE_V4
0.997756 0.003327
0.990792 0.001722
0.983815 0.000156
0.976831 -0.001369
0.969839 -0.002854
0.962838 -0.004299
0.955829 -0.005703
0.948812 -0.007067
0.941788 -0.008391
0.934756 -0.009674
0.927717 -0.010917
0.920670 -0.012120
0.913618 -0.013283
0.906558 -0.014406
0.899493 -0.015489
0.892421 -0.016532
0.885344 -0.017536
0.878261 -0.018500
0.871173 -0.019424
0.864080 -0.020310
0.856982 -0.021156
0.849880 -0.021964
0.842773 -0.022734
0.835663 -0.023465
0.828549 -0.024158
0.821431 -0.024813
0.814309 -0.025431
0.807185 -0.026011
0.800058 -0.026555
0.792928 -0.027062
0.785795 -0.027534
0.778661 -0.027969
0.771524 -0.028368
0.764385 -0.028733
0.757245 -0.029062
0.750103 -0.029357
0.742960 -0.029618
0.735816 -0.029845
0.728670 -0.030039
0.721524 -0.030200
0.714377 -0.030328
0.707230 -0.030425
0.700082 -0.030489
0.692935 -0.030522
0.685787 -0.030525
0.678639 -0.030497
0.671491 -0.030439
0.664344 -0.030351
0.657197 -0.030234
0.650050 -0.030089
0.642904 -0.029915
0.635759 -0.029714
0.628615 -0.029485
0.621472 -0.029229
0.614329 -0.028947
0.607188 -0.028638
0.600048 -0.028304
0.592909 -0.027945
0.585771 -0.027562
0.578635 -0.027154
0.571500 -0.026722
0.564367 -0.026267
0.557235 -0.025789
0.550104 -0.025288
0.542975 -0.024766
0.535848 -0.024222
0.528722 -0.023657
0.521598 -0.023071
0.514476 -0.022465
0.507356 -0.021839
0.500237 -0.021194
0.493120 -0.020530
0.486004 -0.019847
0.478891 -0.019146
0.471779 -0.018428
0.464669 -0.017692
0.457561 -0.016940
0.450454 -0.016171
0.443349 -0.015386
0.436246 -0.014585
0.429145 -0.013769
0.422045 -0.012939
0.414947 -0.012094
0.407851 -0.011235
0.400757 -0.010362
0.393664 -0.009476
0.386572 -0.008577
0.379483 -0.007665
0.372394 -0.006742
0.365308 -0.005806
0.358223 -0.004860
0.351139 -0.003902
0.344057 -0.002933
0.336976 -0.001954
0.329897 -0.000964
0.322819 0.000035
0.315743 0.001043
0.308667 0.002060
0.301593 0.003087
0.294521 0.004122
0.287449 0.005164
0.280379 0.006215
0.273309 0.007274
0.266241 0.008339
0.259174 0.009412
0.252108 0.010492
0.245043 0.011578
0.237979 0.012670
0.230916 0.013768
0.223853 0.014872
0.216792 0.015982
0.209731 0.017097
0.202671 0.018216
0.195612 0.019341
0.188554 0.020471
0.181497 0.021604
0.174440 0.022743
0.167383 0.023885
0.160328 0.025031
0.153273 0.026181
0.146218 0.027334
0.139165 0.028491
0.132111 0.029651
0.125058 0.030815
0.118006 0.031981
0.110954 0.033151
0.103903 0.034323
0.096852 0.035498
0.089802 0.036676
0.082752 0.037857
0.075702 0.039040
0.068653 0.040226
0.061604 0.041414
0.054554 0.042605
0.047464 0.043466
0.040327 0.043233
0.033315 0.041883
0.026601 0.039449
0.020351 0.035991
0.014720 0.031596
0.009847 0.026371
0.005851 0.020446
0.002833 0.013968
0.000866 0.007096
0.000000 0.000000
0.000255 -0.007144
0.001626 -0.014160
0.004078 -0.020873
0.007551 -0.027120
0.011959 -0.032743
0.017194 -0.037606
0.023124 -0.041587
0.029605 -0.044588
0.036476 -0.046536
0.043522 -0.047741
0.050577 -0.048905
0.057630 -0.050047
0.064690 -0.051167
0.071753 -0.052265
0.078820 -0.053341
0.085890 -0.054395
0.092963 -0.055428
0.100039 -0.056438
0.107119 -0.057427
0.114201 -0.058394
0.121287 -0.059339
0.128375 -0.060262
0.135466 -0.061163
0.142560 -0.062042
0.149656 -0.062899
0.156755 -0.063735
0.163857 -0.064549
0.170961 -0.065340
0.178067 -0.066111
0.185176 -0.066859
0.192287 -0.067585
0.199400 -0.068290
0.206516 -0.068972
0.213633 -0.069633
0.220752 -0.070273
0.227874 -0.070890
0.234997 -0.071485
0.242122 -0.072059
0.249248 -0.072611
0.256377 -0.073141
0.263506 -0.073650
0.270638 -0.074136
0.277771 -0.074601
0.284905 -0.075044
0.292040 -0.075465
0.299177 -0.075864
0.306315 -0.076242
0.313454 -0.076597
0.320595 -0.076931
0.327736 -0.077243
0.334878 -0.077533
0.342021 -0.077802
0.349164 -0.078048
0.356309 -0.078273
0.363454 -0.078475
0.370599 -0.078656
0.377746 -0.078815
0.384892 -0.078952
0.392039 -0.079067
0.399187 -0.079160
0.406334 -0.079231
0.413482 -0.079280
0.420630 -0.079307
0.427778 -0.079311
0.434926 -0.079294
0.442074 -0.079255
0.449221 -0.079194
0.456369 -0.079110
0.463516 -0.079005
0.470663 -0.078877
0.477809 -0.078727
0.484955 -0.078554
0.492100 -0.078360
0.499245 -0.078143
0.506389 -0.077904
0.513532 -0.077642
0.520674 -0.077358
0.527816 -0.077052
0.534956 -0.076723
0.542095 -0.076372
0.549233 -0.075998
0.556370 -0.075602
0.563506 -0.075183
0.570640 -0.074741
0.577773 -0.074277
0.584904 -0.073790
0.592034 -0.073280
0.599162 -0.072747
0.606289 -0.072192
0.613413 -0.071613
0.620536 -0.071012
0.627656 -0.070388
0.634775 -0.069740
0.641891 -0.069070
0.649006 -0.068377
0.656118 -0.067660
0.663227 -0.066921
0.670335 -0.066158
0.677439 -0.065371
0.684541 -0.064562
0.691641 -0.063729
0.698737 -0.062873
0.705831 -0.061993
0.712921 -0.061090
0.720009 -0.060163
0.727094 -0.059212
0.734175 -0.058238
0.741253 -0.057240
0.748328 -0.056219
0.755399 -0.055174
0.762467 -0.054105
0.769531 -0.053012
0.776591 -0.051895
0.783648 -0.050754
0.790700 -0.049589
0.797749 -0.048401
0.804793 -0.047188
0.811834 -0.045951
0.818870 -0.044690
0.825902 -0.043404
0.832929 -0.042095
0.839951 -0.040761
0.846969 -0.039403
0.853983 -0.038021
0.860991 -0.036614
0.867995 -0.035183
0.874993 -0.033727
0.881987 -0.032247
0.888975 -0.030742
0.895958 -0.029213
0.902935 -0.027660
0.909907 -0.026082
0.916873 -0.024479
0.923834 -0.022852
0.930789 -0.021200
0.937738 -0.019523
0.944681 -0.017822
0.951618 -0.016097
0.958549 -0.014346
0.965474 -0.012571
0.972392 -0.010772
0.975210 -0.009205
0.978028 -0.007639
0.980846 -0.006072
0.983665 -0.004506
0.986483 -0.002939
0.989301 -0.001373
0.992119 0.000194
0.994937 0.001760
0.997756 0.003327
