AIRFOIL_LE_TE_V4
0.999040 0.001553
0.991985 0.000116
0.984922 -0.001275
0.977849 -0.002619
0.970768 -0.003917
0.963679 -0.005168
0.956581 -0.006373
0.949476 -0.007532
0.942363 -0.008644
0.935244 -0.009709
0.928117 -0.010728
0.920984 -0.011701
0.913845 -0.012627
0.906700 -0.013508
0.899550 -0.014342
0.892394 -0.015132
0.885233 -0.015875
0.878068 -0.016574
0.870899 -0.017227
0.863726 -0.017836
0.856549 -0.018401
0.849369 -0.018922
0.842186 -0.019399
0.835000 -0.019833
0.827812 -0.020225
0.820621 -0.020574
0.813429 -0.020881
0.806235 -0.021147
0.799039 -0.021372
0.791843 -0.021557
0.784645 -0.021702
0.777447 -0.021807
0.770248 -0.021874
0.763049 -0.021902
0.755850 -0.021893
0.748652 -0.021847
0.741453 -0.021765
0.734255 -0.021646
0.727058 -0.021493
0.719861 -0.021305
0.712666 -0.021083
0.705471 -0.020827
0.698278 -0.020539
0.691086 -0.020220
0.683896 -0.019868
0.676707 -0.019487
0.669520 -0.019075
0.662334 -0.018634
0.655151 -0.018165
0.647969 -0.017667
0.640789 -0.017143
0.633611 -0.016592
0.626435 -0.016015
0.619261 -0.015413
0.612090 -0.014786
0.604920 -0.014136
0.597753 -0.013463
0.590587 -0.012768
0.583424 -0.012051
0.576263 -0.011314
0.569104 -0.010556
0.561947 -0.009778
0.554792 -0.008982
0.547640 -0.008167
0.540489 -0.007335
0.533340 -0.006487
0.526193 -0.005622
0.519048 -0.004742
0.511905 -0.003847
0.504763 -0.002938
0.497624 -0.002016
0.490486 -0.001081
0.483349 -0.000134
0.476214 0.000824
0.469081 0.001793
0.461948 0.002772
0.454818 0.003761
0.447688 0.004759
0.440560 0.005764
0.433432 0.006778
0.426306 0.007798
0.419180 0.008824
0.412056 0.009857
0.404932 0.010894
0.397809 0.011936
0.390686 0.012982
0.383564 0.014031
0.376442 0.015082
0.369320 0.016136
0.362199 0.017192
0.355078 0.018249
0.347957 0.019306
0.340836 0.020363
0.333715 0.021420
0.326594 0.022475
0.319472 0.023529
0.312351 0.024580
0.305228 0.025629
0.298106 0.026675
0.290982 0.027717
0.283859 0.028755
0.276734 0.029789
0.269609 0.030817
0.262483 0.031840
0.255356 0.032856
0.248228 0.033867
0.241100 0.034870
0.233970 0.035867
0.226839 0.036855
0.219707 0.037836
0.212574 0.038808
0.205440 0.039772
0.198304 0.040726
0.191168 0.041671
0.184030 0.042606
0.176890 0.043531
0.169750 0.044445
0.162608 0.045349
0.155464 0.046241
0.148319 0.047123
0.141173 0.047993
0.134025 0.048851
0.126876 0.049698
0.119726 0.050532
0.112574 0.051354
0.105421 0.052163
0.098266 0.052960
0.091110 0.053744
0.083952 0.054516
0.076793 0.055274
0.069632 0.056020
0.062463 0.056662
0.055269 0.056562
0.048139 0.055599
0.041177 0.053785
0.034482 0.051147
0.028153 0.047724
0.022281 0.043565
0.016951 0.038730
0.012241 0.033289
0.008218 0.027322
0.004940 0.020914
0.002456 0.014158
0.000801 0.007153
0.000000 0.000000
0.000063 -0.007198
0.000991 -0.014336
0.002769 -0.021311
0.005371 -0.028021
0.008761 -0.034370
0.012889 -0.040266
0.017694 -0.045623
0.023109 -0.050363
0.029053 -0.054418
0.035441 -0.057729
0.042181 -0.060248
0.049174 -0.061939
0.056315 -0.062837
0.063479 -0.063554
0.070643 -0.064253
0.077810 -0.064934
0.084978 -0.065598
0.092148 -0.066245
0.099319 -0.066874
0.106492 -0.067486
0.113667 -0.068080
0.120843 -0.068657
0.128020 -0.069216
0.135198 -0.069758
0.142378 -0.070282
0.149559 -0.070789
0.156742 -0.071278
0.163925 -0.071750
0.171110 -0.072204
0.178296 -0.072641
0.185482 -0.073061
0.192670 -0.073463
0.199859 -0.073847
0.207048 -0.074214
0.214239 -0.074564
0.221430 -0.074896
0.228622 -0.075210
0.235815 -0.075507
0.243009 -0.075786
0.250203 -0.076048
0.257398 -0.076292
0.264593 -0.076519
0.271789 -0.076728
0.278986 -0.076920
0.286182 -0.077094
0.293380 -0.077251
0.300577 -0.077390
0.307775 -0.077511
0.314973 -0.077614
0.322172 -0.077700
0.329371 -0.077769
0.336569 -0.077819
0.343768 -0.077852
0.350967 -0.077868
0.358166 -0.077865
0.365365 -0.077845
0.372564 -0.077807
0.379763 -0.077751
0.386961 -0.077678
0.394160 -0.077586
0.401358 -0.077477
0.408556 -0.077350
0.415753 -0.077205
0.422950 -0.077042
0.430147 -0.076861
0.437343 -0.076662
0.444539 -0.076446
0.451734 -0.076211
0.458929 -0.075958
0.466123 -0.075687
0.473316 -0.075398
0.480508 -0.075091
0.487700 -0.074766
0.494891 -0.074422
0.502081 -0.074061
0.509270 -0.073681
0.516457 -0.073283
0.523644 -0.072867
0.530830 -0.072432
0.538015 -0.071979
0.545198 -0.071507
0.552381 -0.071017
0.559562 -0.070509
0.566741 -0.069982
0.573920 -0.069437
0.581097 -0.068873
0.588272 -0.068291
0.595446 -0.067690
0.602618 -0.067070
0.609789 -0.066431
0.616958 -0.065774
0.624125 -0.065098
0.631290 -0.064404
0.638454 -0.063690
0.645616 -0.062958
0.652775 -0.062206
0.659933 -0.061436
0.667089 -0.060647
0.674242 -0.059838
0.681393 -0.059011
0.688542 -0.058165
0.695689 -0.057299
0.702834 -0.056414
0.709976 -0.055511
0.717115 -0.054587
0.724252 -0.053645
0.731387 -0.052683
0.738519 -0.051702
0.745648 -0.050702
0.752774 -0.049682
0.759898 -0.048643
0.767019 -0.047584
0.774137 -0.046506
0.781252 -0.045408
0.788363 -0.044291
0.795472 -0.043154
0.802578 -0.041998
0.809680 -0.040822
0.816779 -0.039626
0.823875 -0.038410
0.830967 -0.037175
0.838056 -0.035920
0.845141 -0.034645
0.852223 -0.033350
0.859301 -0.032036
0.866375 -0.030701
0.873446 -0.029347
0.880513 -0.027973
0.887575 -0.026579
0.894634 -0.025165
0.901689 -0.023731
0.908740 -0.022277
0.915786 -0.020803
0.922829 -0.019309
0.929867 -0.017795
0.936901 -0.016261
0.943930 -0.014707
0.950955 -0.013133
0.957976 -0.011538
0.964991 -0.009924
0.972003 -0.008290
0.975007 -0.007196
0.978011 -0.006103
0.981015 -0.005009
0.984019 -0.003916
0.987023 -0.002822
0.990027 -0.001728
0.993031 -0.000635
0.996036 0.000459
0.999040 0.001553
