TE_REAL
0.998218 0.002744
0.991103 0.001197
0.983976 -0.000296
0.976838 -0.001734
0.969689 -0.003117
0.962530 -0.004444
0.955361 -0.005717
0.948182 -0.006934
0.940994 -0.008096
0.933797 -0.009202
0.926592 -0.010254
0.919379 -0.011250
0.912159 -0.012192
0.904932 -0.013078
0.897698 -0.013910
0.890458 -0.014688
0.883213 -0.015412
0.875963 -0.016082
0.868708 -0.016699
0.861448 -0.017262
0.854185 -0.017774
0.846918 -0.018233
0.839649 -0.018641
0.832376 -0.018998
0.825101 -0.019304
0.817825 -0.019560
0.810546 -0.019767
0.803267 -0.019926
0.795986 -0.020036
0.788706 -0.020099
0.781424 -0.020115
0.774143 -0.020086
0.766862 -0.020011
0.759582 -0.019891
0.752303 -0.019728
0.745024 -0.019522
0.737747 -0.019274
0.730472 -0.018984
0.723198 -0.018654
0.715926 -0.018284
0.708657 -0.017875
0.701389 -0.017428
0.694124 -0.016944
0.686861 -0.016424
0.679601 -0.015868
0.672344 -0.015277
0.665090 -0.014653
0.657838 -0.013996
0.650589 -0.013306
0.643344 -0.012586
0.636101 -0.011835
0.628862 -0.011055
0.621626 -0.010247
0.614393 -0.009411
0.607163 -0.008548
0.599936 -0.007659
0.592712 -0.006745
0.585491 -0.005807
0.578274 -0.004846
0.571059 -0.003863
0.563847 -0.002858
0.556639 -0.001832
0.549433 -0.000787
0.542230 0.000278
0.535029 0.001361
0.527832 0.002461
0.520636 0.003577
0.513443 0.004709
0.506253 0.005856
0.499065 0.007017
0.491879 0.008191
0.484694 0.009378
0.477512 0.010576
0.470332 0.011785
0.463153 0.013004
0.455976 0.014232
0.448801 0.015468
0.441626 0.016713
0.434453 0.017964
0.427281 0.019222
0.420110 0.020485
0.412940 0.021753
0.405771 0.023025
0.398602 0.024300
0.391433 0.025577
0.384265 0.026857
0.377097 0.028138
0.369929 0.029419
0.362762 0.030700
0.355594 0.031981
0.348426 0.033260
0.341257 0.034536
0.334088 0.035810
0.326918 0.037081
0.319748 0.038347
0.312577 0.039609
0.305404 0.040866
0.298231 0.042117
0.291057 0.043361
0.283882 0.044598
0.276705 0.045828
0.269527 0.047050
0.262347 0.048263
0.255166 0.049467
0.247983 0.050661
0.240799 0.051846
0.233613 0.053019
0.226425 0.054182
0.219235 0.055333
0.212043 0.056472
0.204850 0.057598
0.197653 0.058712
0.190455 0.059813
0.183256 0.060900
0.176054 0.061973
0.168850 0.063032
0.161644 0.064077
0.154436 0.065106
0.147225 0.066121
0.140013 0.067120
0.132798 0.068104
0.125581 0.069071
0.118362 0.070023
0.111142 0.070959
0.103918 0.071878
0.096693 0.072781
0.089466 0.073667
0.082227 0.074439
0.074950 0.074595
0.067691 0.074062
0.060515 0.072845
0.053485 0.070955
0.046666 0.068410
0.040117 0.065231
0.033897 0.061447
0.028062 0.057092
0.022664 0.052206
0.017751 0.046830
0.013367 0.041015
0.009552 0.034811
0.006339 0.028274
0.003757 0.021463
0.001830 0.014438
0.000574 0.007262
0.000000 0.000000
0.000114 -0.007284
0.000915 -0.014525
0.002396 -0.021658
0.004543 -0.028618
0.007337 -0.035345
0.010754 -0.041778
0.014762 -0.047859
0.019326 -0.053534
0.024405 -0.058752
0.029953 -0.063466
0.035922 -0.067636
0.042258 -0.071222
0.048903 -0.074194
0.055799 -0.076524
0.062884 -0.078191
0.070092 -0.079217
0.077324 -0.080068
0.084557 -0.080897
0.091794 -0.081702
0.099033 -0.082484
0.106274 -0.083243
0.113518 -0.083979
0.120765 -0.084692
0.128013 -0.085382
0.135264 -0.086049
0.142516 -0.086693
0.149771 -0.087314
0.157028 -0.087912
0.164286 -0.088487
0.171547 -0.089039
0.178809 -0.089568
0.186072 -0.090074
0.193338 -0.090558
0.200604 -0.091018
0.207872 -0.091456
0.215142 -0.091870
0.222412 -0.092262
0.229684 -0.092631
0.236957 -0.092978
0.244231 -0.093301
0.251506 -0.093602
0.258782 -0.093880
0.266059 -0.094136
0.273337 -0.094368
0.280615 -0.094578
0.287894 -0.094766
0.295173 -0.094931
0.302453 -0.095073
0.309733 -0.095193
0.317014 -0.095290
0.324294 -0.095365
0.331575 -0.095417
0.338857 -0.095446
0.346138 -0.095454
0.353419 -0.095438
0.360700 -0.095401
0.367981 -0.095341
0.375262 -0.095258
0.382542 -0.095153
0.389822 -0.095026
0.397102 -0.094877
0.404381 -0.094705
0.411660 -0.094511
0.418938 -0.094294
0.426215 -0.094055
0.433492 -0.093794
0.440768 -0.093511
0.448042 -0.093206
0.455316 -0.092878
0.462589 -0.092528
0.469861 -0.092156
0.477131 -0.091761
0.484401 -0.091345
0.491669 -0.090906
0.498935 -0.090445
0.506201 -0.089962
0.513464 -0.089456
0.520726 -0.088929
0.527987 -0.088379
0.535246 -0.087807
0.542503 -0.087213
0.549758 -0.086597
0.557011 -0.085959
0.564262 -0.085298
0.571511 -0.084615
0.578758 -0.083910
0.586003 -0.083183
0.593246 -0.082434
0.600486 -0.081663
0.607724 -0.080869
0.614960 -0.080054
0.622193 -0.079216
0.629423 -0.078355
0.636650 -0.077473
0.643875 -0.076569
0.651097 -0.075642
0.658317 -0.074693
0.665533 -0.073722
0.672746 -0.072728
0.679956 -0.071712
0.687163 -0.070674
0.694367 -0.069614
0.701567 -0.068531
0.708764 -0.067426
0.715958 -0.066299
0.723148 -0.065149
0.730334 -0.063977
0.737517 -0.062783
0.744696 -0.061566
0.751871 -0.060327
0.759043 -0.059066
0.766210 -0.057782
0.773373 -0.056475
0.780532 -0.055147
0.787687 -0.053795
0.794838 -0.052422
0.801984 -0.051025
0.809126 -0.049606
0.816264 -0.048165
0.823396 -0.046701
0.830525 -0.045215
0.837648 -0.043706
0.844767 -0.042174
0.851880 -0.040620
0.858989 -0.039043
0.866093 -0.037444
0.873191 -0.035822
0.880285 -0.034177
0.887373 -0.032510
0.894456 -0.030819
0.901533 -0.029107
0.908605 -0.027371
0.915671 -0.025613
0.922731 -0.023832
0.929786 -0.022029
0.936835 -0.020203
0.943878 -0.018354
0.950915 -0.016482
0.957946 -0.014588
0.964971 -0.012670
0.971989 -0.010731
0.979001 -0.008768
0.986007 -0.006783
0.993007 -0.004775
1.000000 -0.002744
