TE_REAL
0.998597 0.002262
0.991467 0.000886
0.984327 -0.000438
0.977177 -0.001710
0.970018 -0.002930
0.962851 -0.004099
0.955676 -0.005215
0.948492 -0.006279
0.941301 -0.007291
0.934103 -0.008251
0.926898 -0.009158
0.919687 -0.010014
0.912469 -0.010818
0.905247 -0.011571
0.898019 -0.012273
0.890786 -0.012923
0.883549 -0.013523
0.876308 -0.014072
0.869063 -0.014572
0.861816 -0.015021
0.854565 -0.015422
0.847312 -0.015774
0.840056 -0.016078
0.832799 -0.016333
0.825540 -0.016542
0.818280 -0.016704
0.811019 -0.016820
0.803758 -0.016891
0.796496 -0.016917
0.789234 -0.016899
0.781973 -0.016837
0.774712 -0.016732
0.767451 -0.016586
0.760192 -0.016398
0.752934 -0.016170
0.745677 -0.015901
0.738421 -0.015594
0.731168 -0.015248
0.723916 -0.014865
0.716667 -0.014445
0.709419 -0.013989
0.702174 -0.013499
0.694931 -0.012974
0.687691 -0.012415
0.680453 -0.011824
0.673218 -0.011202
0.665985 -0.010548
0.658756 -0.009865
0.651529 -0.009152
0.644305 -0.008411
0.637084 -0.007643
0.629866 -0.006848
0.622650 -0.006028
0.615438 -0.005182
0.608228 -0.004313
0.601021 -0.003421
0.593817 -0.002506
0.586616 -0.001570
0.579417 -0.000614
0.572221 0.000362
0.565028 0.001357
0.557837 0.002370
0.550648 0.003400
0.543462 0.004446
0.536278 0.005508
0.529097 0.006584
0.521917 0.007674
0.514739 0.008777
0.507564 0.009892
0.500389 0.011018
0.493217 0.012155
0.486046 0.013301
0.478877 0.014456
0.471709 0.015619
0.464542 0.016790
0.457376 0.017967
0.450211 0.019150
0.443046 0.020337
0.435883 0.021529
0.428720 0.022724
0.421558 0.023922
0.414395 0.025122
0.407234 0.026323
0.400072 0.027524
0.392910 0.028726
0.385748 0.029926
0.378585 0.031124
0.371422 0.032320
0.364259 0.033513
0.357095 0.034702
0.349931 0.035886
0.342765 0.037066
0.335599 0.038239
0.328431 0.039406
0.321262 0.040566
0.314092 0.041718
0.306921 0.042862
0.299748 0.043997
0.292574 0.045122
0.285398 0.046237
0.278221 0.047342
0.271042 0.048435
0.263861 0.049516
0.256678 0.050585
0.249493 0.051640
0.242307 0.052683
0.235118 0.053711
0.227927 0.054725
0.220734 0.055724
0.213540 0.056708
0.206342 0.057676
0.199143 0.058627
0.191942 0.059562
0.184738 0.060480
0.177532 0.061380
0.170324 0.062263
0.163114 0.063127
0.155902 0.063973
0.148687 0.064801
0.141470 0.065609
0.134251 0.066398
0.127030 0.067168
0.119807 0.067918
0.112582 0.068648
0.105355 0.069358
0.098126 0.070048
0.090895 0.070717
0.083662 0.071366
0.076417 0.071844
0.069161 0.071655
0.061957 0.070764
0.054873 0.069177
0.047977 0.066911
0.041332 0.063986
0.035002 0.060431
0.029046 0.056278
0.023521 0.051567
0.018478 0.046342
0.013965 0.040653
0.010024 0.034552
0.006693 0.028098
0.004003 0.021351
0.001979 0.014375
0.000641 0.007236
0.000000 0.000000
0.000063 -0.007264
0.000830 -0.014487
0.002293 -0.021602
0.004439 -0.028542
0.007246 -0.035240
0.010689 -0.041635
0.014736 -0.047666
0.019348 -0.053276
0.024481 -0.058412
0.030088 -0.063025
0.036115 -0.067073
0.042506 -0.070518
0.049201 -0.073326
0.056136 -0.075471
0.063246 -0.076933
0.070462 -0.077732
0.077699 -0.078348
0.084935 -0.078945
0.092174 -0.079522
0.099415 -0.080079
0.106656 -0.080617
0.113900 -0.081136
0.121144 -0.081635
0.128390 -0.082114
0.135638 -0.082574
0.142886 -0.083014
0.150136 -0.083435
0.157386 -0.083836
0.164638 -0.084218
0.171891 -0.084580
0.179145 -0.084923
0.186399 -0.085247
0.193655 -0.085551
0.200911 -0.085835
0.208168 -0.086101
0.215426 -0.086347
0.222684 -0.086573
0.229943 -0.086781
0.237202 -0.086969
0.244462 -0.087138
0.251722 -0.087287
0.258983 -0.087418
0.266244 -0.087529
0.273505 -0.087621
0.280767 -0.087694
0.288028 -0.087748
0.295290 -0.087782
0.302552 -0.087798
0.309813 -0.087795
0.317075 -0.087772
0.324337 -0.087731
0.331598 -0.087671
0.338860 -0.087592
0.346121 -0.087494
0.353382 -0.087377
0.360642 -0.087241
0.367903 -0.087086
0.375162 -0.086913
0.382422 -0.086721
0.389680 -0.086510
0.396938 -0.086280
0.404196 -0.086032
0.411453 -0.085765
0.418709 -0.085480
0.425965 -0.085176
0.433219 -0.084853
0.440473 -0.084512
0.447726 -0.084152
0.454978 -0.083774
0.462229 -0.083377
0.469479 -0.082962
0.476728 -0.082529
0.483975 -0.082077
0.491222 -0.081606
0.498467 -0.081118
0.505712 -0.080611
0.512954 -0.080086
0.520196 -0.079542
0.527436 -0.078980
0.534675 -0.078400
0.541912 -0.077802
0.549147 -0.077186
0.556381 -0.076551
0.563614 -0.075898
0.570845 -0.075227
0.578074 -0.074538
0.585301 -0.073831
0.592527 -0.073106
0.599750 -0.072363
0.606972 -0.071602
0.614192 -0.070822
0.621410 -0.070025
0.628626 -0.069210
0.635840 -0.068376
0.643052 -0.067525
0.650261 -0.066656
0.657469 -0.065769
0.664674 -0.064864
0.671877 -0.063941
0.679078 -0.063000
0.686276 -0.062041
0.693472 -0.061065
0.700666 -0.060070
0.707857 -0.059058
0.715045 -0.058028
0.722231 -0.056980
0.729414 -0.055914
0.736595 -0.054830
0.743773 -0.053729
0.750948 -0.052610
0.758120 -0.051473
0.765290 -0.050318
0.772456 -0.049145
0.779620 -0.047955
0.786781 -0.046747
0.793939 -0.045521
0.801093 -0.044277
0.808245 -0.043016
0.815393 -0.041737
0.822538 -0.040440
0.829680 -0.039125
0.836819 -0.037793
0.843955 -0.036443
0.851087 -0.035075
0.858215 -0.033690
0.865340 -0.032286
0.872462 -0.030866
0.879580 -0.029427
0.886694 -0.027971
0.893805 -0.026496
0.900912 -0.025005
0.908016 -0.023495
0.915116 -0.021968
0.922211 -0.020423
0.929303 -0.018861
0.936391 -0.017280
0.943475 -0.015682
0.950555 -0.014067
0.957631 -0.012433
0.964703 -0.010782
0.971771 -0.009114
0.978835 -0.007427
0.985894 -0.005723
0.992949 -0.004002
1.000000 -0.002262
