TE_REAL
0.998472 0.002089
0.991428 0.000334
0.984370 -0.001368
0.977300 -0.003016
0.970217 -0.004611
0.963123 -0.006153
0.956017 -0.007640
0.948901 -0.009074
0.941773 -0.010454
0.934636 -0.011780
0.927488 -0.013052
0.920331 -0.014270
0.913166 -0.015434
0.905992 -0.016546
0.898809 -0.017603
0.891619 -0.018608
0.884422 -0.019559
0.877219 -0.020458
0.870009 -0.021304
0.862793 -0.022099
0.855571 -0.022841
0.848344 -0.023533
0.841113 -0.024173
0.833877 -0.024763
0.826638 -0.025302
0.819395 -0.025792
0.812149 -0.026233
0.804900 -0.026626
0.797648 -0.026970
0.790395 -0.027267
0.783140 -0.027517
0.775883 -0.027720
0.768625 -0.027878
0.761366 -0.027991
0.754107 -0.028060
0.746848 -0.028084
0.739588 -0.028066
0.732329 -0.028005
0.725070 -0.027902
0.717812 -0.027759
0.710554 -0.027574
0.703298 -0.027351
0.696044 -0.027088
0.688790 -0.026788
0.681539 -0.026450
0.674289 -0.026075
0.667041 -0.025664
0.659795 -0.025218
0.652551 -0.024738
0.645310 -0.024224
0.638071 -0.023677
0.630834 -0.023098
0.623600 -0.022487
0.616369 -0.021846
0.609141 -0.021174
0.601915 -0.020474
0.594692 -0.019745
0.587472 -0.018989
0.580255 -0.018205
0.573040 -0.017395
0.565829 -0.016560
0.558620 -0.015700
0.551415 -0.014817
0.544212 -0.013909
0.537012 -0.012980
0.529815 -0.012028
0.522621 -0.011055
0.515429 -0.010062
0.508241 -0.009049
0.501055 -0.008018
0.493871 -0.006967
0.486691 -0.005900
0.479513 -0.004815
0.472337 -0.003714
0.465164 -0.002597
0.457993 -0.001465
0.450824 -0.000319
0.443657 0.000841
0.436493 0.002014
0.429331 0.003199
0.422170 0.004396
0.415012 0.005604
0.407855 0.006823
0.400700 0.008052
0.393547 0.009290
0.386395 0.010537
0.379245 0.011792
0.372096 0.013055
0.364948 0.014325
0.357801 0.015601
0.350656 0.016883
0.343511 0.018171
0.336368 0.019464
0.329225 0.020761
0.322083 0.022062
0.314941 0.023366
0.307800 0.024673
0.300659 0.025982
0.293519 0.027294
0.286379 0.028606
0.279239 0.029920
0.272100 0.031234
0.264960 0.032549
0.257820 0.033863
0.250680 0.035176
0.243539 0.036488
0.236398 0.037799
0.229257 0.039107
0.222116 0.040414
0.214974 0.041717
0.207832 0.043018
0.200689 0.044315
0.193546 0.045609
0.186401 0.046898
0.179256 0.048184
0.172110 0.049465
0.164964 0.050741
0.157816 0.052012
0.150668 0.053277
0.143518 0.054538
0.136367 0.055792
0.129216 0.057041
0.122063 0.058284
0.114910 0.059520
0.107755 0.060750
0.100599 0.061974
0.093442 0.063191
0.086284 0.064402
0.079124 0.065602
0.071906 0.066344
0.064650 0.066318
0.057437 0.065525
0.050349 0.063973
0.043464 0.061680
0.036859 0.058672
0.030610 0.054982
0.024785 0.050651
0.019450 0.045729
0.014665 0.040270
0.010483 0.034336
0.006951 0.027992
0.004109 0.021311
0.001989 0.014366
0.000614 0.007236
0.000000 0.000000
0.000153 -0.007260
0.001073 -0.014463
0.002748 -0.021529
0.005159 -0.028378
0.008281 -0.034933
0.012077 -0.041122
0.016506 -0.046874
0.021518 -0.052126
0.027056 -0.056818
0.033058 -0.060898
0.039458 -0.064320
0.046184 -0.067046
0.053159 -0.069046
0.060297 -0.070365
0.067460 -0.071542
0.074628 -0.072691
0.081801 -0.073814
0.088977 -0.074911
0.096158 -0.075980
0.103342 -0.077023
0.110530 -0.078039
0.117722 -0.079028
0.124918 -0.079991
0.132117 -0.080927
0.139319 -0.081837
0.146525 -0.082720
0.153734 -0.083576
0.160946 -0.084406
0.168161 -0.085209
0.175379 -0.085986
0.182600 -0.086736
0.189823 -0.087460
0.197049 -0.088157
0.204278 -0.088828
0.211509 -0.089473
0.218742 -0.090091
0.225978 -0.090683
0.233215 -0.091248
0.240455 -0.091788
0.247696 -0.092301
0.254939 -0.092788
0.262184 -0.093249
0.269431 -0.093683
0.276679 -0.094092
0.283928 -0.094474
0.291179 -0.094831
0.298431 -0.095161
0.305685 -0.095466
0.312939 -0.095744
0.320194 -0.095996
0.327450 -0.096223
0.334707 -0.096423
0.341964 -0.096598
0.349222 -0.096747
0.356481 -0.096870
0.363740 -0.096967
0.370999 -0.097039
0.378258 -0.097085
0.385518 -0.097104
0.392778 -0.097099
0.400037 -0.097067
0.407296 -0.097010
0.414555 -0.096927
0.421814 -0.096819
0.429073 -0.096684
0.436330 -0.096525
0.443588 -0.096339
0.450844 -0.096128
0.458100 -0.095891
0.465355 -0.095629
0.472608 -0.095341
0.479861 -0.095028
0.487113 -0.094689
0.494363 -0.094324
0.501612 -0.093934
0.508860 -0.093518
0.516106 -0.093076
0.523351 -0.092609
0.530594 -0.092117
0.537835 -0.091598
0.545074 -0.091055
0.552311 -0.090485
0.559546 -0.089890
0.566779 -0.089269
0.574010 -0.088623
0.581238 -0.087951
0.588464 -0.087253
0.595688 -0.086530
0.602909 -0.085781
0.610127 -0.085006
0.617342 -0.084206
0.624555 -0.083380
0.631764 -0.082528
0.638970 -0.081650
0.646174 -0.080747
0.653373 -0.079817
0.660570 -0.078862
0.667763 -0.077881
0.674952 -0.076874
0.682138 -0.075841
0.689320 -0.074782
0.696498 -0.073698
0.703672 -0.072587
0.710843 -0.071450
0.718008 -0.070287
0.725170 -0.069098
0.732327 -0.067883
0.739480 -0.066642
0.746628 -0.065374
0.753772 -0.064081
0.760911 -0.062761
0.768044 -0.061415
0.775173 -0.060043
0.782297 -0.058644
0.789417 -0.057219
0.796530 -0.055767
0.803638 -0.054289
0.810740 -0.052785
0.817837 -0.051254
0.824928 -0.049697
0.832013 -0.048113
0.839092 -0.046503
0.846165 -0.044866
0.853231 -0.043203
0.860292 -0.041512
0.867346 -0.039796
0.874393 -0.038052
0.881434 -0.036282
0.888468 -0.034485
0.895495 -0.032661
0.902515 -0.030811
0.909528 -0.028934
0.916534 -0.027030
0.923532 -0.025099
0.930523 -0.023141
0.937507 -0.021157
0.944483 -0.019146
0.951450 -0.017108
0.958410 -0.015043
0.965362 -0.012951
0.972306 -0.010833
0.979242 -0.008687
0.986169 -0.006515
0.993089 -0.004315
1.000000 -0.002089
