TE_REAL
0.998307 0.002556
0.991186 0.001018
0.984054 -0.000470
0.976912 -0.001907
0.969760 -0.003292
0.962598 -0.004627
0.955427 -0.005910
0.948247 -0.007142
0.941058 -0.008322
0.933861 -0.009452
0.926656 -0.010530
0.919444 -0.011557
0.912225 -0.012533
0.904999 -0.013459
0.897766 -0.014333
0.890528 -0.015158
0.883284 -0.015932
0.876035 -0.016656
0.868782 -0.017331
0.861524 -0.017956
0.854262 -0.018533
0.846996 -0.019060
0.839727 -0.019540
0.832455 -0.019972
0.825180 -0.020357
0.817903 -0.020695
0.810624 -0.020987
0.803343 -0.021233
0.796061 -0.021433
0.788778 -0.021589
0.781493 -0.021701
0.774209 -0.021769
0.766924 -0.021794
0.759639 -0.021777
0.752354 -0.021718
0.745070 -0.021618
0.737787 -0.021477
0.730504 -0.021297
0.723222 -0.021077
0.715942 -0.020819
0.708663 -0.020523
0.701386 -0.020190
0.694110 -0.019821
0.686837 -0.019416
0.679565 -0.018976
0.672295 -0.018501
0.665028 -0.017993
0.657763 -0.017453
0.650501 -0.016880
0.643241 -0.016275
0.635984 -0.015640
0.628729 -0.014976
0.621478 -0.014282
0.614228 -0.013559
0.606982 -0.012809
0.599739 -0.012031
0.592498 -0.011228
0.585261 -0.010398
0.578026 -0.009544
0.570794 -0.008666
0.563565 -0.007764
0.556339 -0.006840
0.549116 -0.005893
0.541895 -0.004926
0.534678 -0.003937
0.527463 -0.002929
0.520250 -0.001901
0.513041 -0.000855
0.505834 0.000209
0.498630 0.001290
0.491428 0.002387
0.484228 0.003501
0.477031 0.004630
0.469836 0.005773
0.462644 0.006930
0.455453 0.008100
0.448265 0.009283
0.441078 0.010478
0.433894 0.011684
0.426711 0.012901
0.419530 0.014129
0.412351 0.015365
0.405173 0.016611
0.397997 0.017865
0.390822 0.019127
0.383648 0.020396
0.376475 0.021671
0.369304 0.022953
0.362133 0.024240
0.354964 0.025532
0.347795 0.026829
0.340627 0.028129
0.333460 0.029433
0.326293 0.030740
0.319126 0.032050
0.311960 0.033361
0.304794 0.034673
0.297629 0.035987
0.290463 0.037301
0.283298 0.038615
0.276132 0.039929
0.268966 0.041242
0.261800 0.042554
0.254634 0.043864
0.247467 0.045172
0.240300 0.046478
0.233133 0.047780
0.225964 0.049080
0.218796 0.050376
0.211626 0.051668
0.204456 0.052957
0.197285 0.054240
0.190113 0.055519
0.182940 0.056793
0.175766 0.058061
0.168592 0.059324
0.161416 0.060581
0.154237 0.061833
0.147059 0.063078
0.139880 0.064316
0.132700 0.065548
0.125519 0.066773
0.118336 0.067991
0.111152 0.069203
0.103968 0.070407
0.096781 0.071604
0.089594 0.072794
0.082376 0.073759
0.075099 0.074042
0.067829 0.073624
0.060632 0.072510
0.053576 0.070711
0.046724 0.068242
0.040140 0.065127
0.033886 0.061394
0.028018 0.057078
0.022591 0.052219
0.017654 0.046861
0.013254 0.041053
0.009431 0.034850
0.006220 0.028309
0.003651 0.021489
0.001747 0.014454
0.000526 0.007269
0.000000 0.000000
0.000173 -0.007286
0.001043 -0.014522
0.002603 -0.021641
0.004838 -0.028578
0.007727 -0.035268
0.011245 -0.041650
0.015357 -0.047664
0.020028 -0.053256
0.025212 -0.058374
0.030864 -0.062971
0.036930 -0.067003
0.043354 -0.070435
0.050078 -0.073234
0.057039 -0.075375
0.064172 -0.076840
0.071363 -0.078008
0.078560 -0.079145
0.085759 -0.080253
0.092964 -0.081332
0.100173 -0.082381
0.107386 -0.083401
0.114604 -0.084391
0.121825 -0.085352
0.129050 -0.086283
0.136279 -0.087185
0.143512 -0.088058
0.150748 -0.088901
0.157987 -0.089715
0.165230 -0.090499
0.172475 -0.091255
0.179724 -0.091981
0.186976 -0.092678
0.194230 -0.093347
0.201487 -0.093986
0.208746 -0.094596
0.216008 -0.095178
0.223272 -0.095730
0.230538 -0.096254
0.237806 -0.096749
0.245076 -0.097216
0.252348 -0.097654
0.259621 -0.098064
0.266896 -0.098445
0.274172 -0.098798
0.281450 -0.099123
0.288729 -0.099420
0.296009 -0.099689
0.303290 -0.099930
0.310572 -0.100143
0.317854 -0.100328
0.325138 -0.100486
0.332421 -0.100616
0.339705 -0.100718
0.346990 -0.100793
0.354275 -0.100841
0.361560 -0.100862
0.368845 -0.100855
0.376129 -0.100821
0.383414 -0.100761
0.390698 -0.100673
0.397983 -0.100559
0.405266 -0.100418
0.412549 -0.100251
0.419831 -0.100057
0.427113 -0.099836
0.434394 -0.099589
0.441674 -0.099316
0.448952 -0.099017
0.456230 -0.098692
0.463506 -0.098341
0.470782 -0.097963
0.478055 -0.097561
0.485328 -0.097132
0.492599 -0.096678
0.499868 -0.096198
0.507135 -0.095692
0.514401 -0.095162
0.521664 -0.094605
0.528926 -0.094024
0.536186 -0.093418
0.543443 -0.092786
0.550698 -0.092129
0.557951 -0.091448
0.565202 -0.090741
0.572450 -0.090010
0.579696 -0.089254
0.586939 -0.088474
0.594179 -0.087668
0.601417 -0.086839
0.608652 -0.085984
0.615883 -0.085106
0.623112 -0.084203
0.630338 -0.083275
0.637560 -0.082324
0.644780 -0.081348
0.651996 -0.080348
0.659209 -0.079324
0.666418 -0.078276
0.673624 -0.077204
0.680826 -0.076108
0.688024 -0.074989
0.695219 -0.073845
0.702410 -0.072678
0.709597 -0.071487
0.716780 -0.070272
0.723959 -0.069034
0.731134 -0.067772
0.738304 -0.066486
0.745471 -0.065177
0.752633 -0.063844
0.759791 -0.062488
0.766944 -0.061109
0.774093 -0.059705
0.781237 -0.058279
0.788376 -0.056829
0.795511 -0.055356
0.802641 -0.053860
0.809766 -0.052340
0.816885 -0.050797
0.824000 -0.049231
0.831110 -0.047641
0.838214 -0.046029
0.845314 -0.044393
0.852407 -0.042734
0.859496 -0.041051
0.866578 -0.039346
0.873656 -0.037618
0.880727 -0.035866
0.887793 -0.034091
0.894853 -0.032293
0.901907 -0.030472
0.908955 -0.028628
0.915997 -0.026761
0.923033 -0.024871
0.930063 -0.022957
0.937086 -0.021021
0.944103 -0.019062
0.951113 -0.017079
0.958117 -0.015074
0.965114 -0.013045
0.972105 -0.010993
0.979089 -0.008919
0.986066 -0.006821
0.993037 -0.004700
1.000000 -0.002556
