TE_REAL
0.998233 0.002837
0.991103 0.001392
0.983962 -0.000000
0.976811 -0.001340
0.969650 -0.002627
0.962481 -0.003862
0.955302 -0.005043
0.948115 -0.006172
0.940919 -0.007248
0.933716 -0.008270
0.926506 -0.009240
0.919289 -0.010158
0.912065 -0.011022
0.904835 -0.011835
0.897600 -0.012595
0.890359 -0.013304
0.883114 -0.013960
0.875864 -0.014566
0.868610 -0.015121
0.861352 -0.015625
0.854091 -0.016079
0.846827 -0.016483
0.839561 -0.016839
0.832292 -0.017145
0.825022 -0.017404
0.817750 -0.017614
0.810476 -0.017778
0.803202 -0.017895
0.795927 -0.017967
0.788652 -0.017993
0.781377 -0.017975
0.774102 -0.017913
0.766828 -0.017808
0.759554 -0.017660
0.752281 -0.017471
0.745010 -0.017241
0.737740 -0.016970
0.730471 -0.016660
0.723204 -0.016312
0.715940 -0.015925
0.708677 -0.015502
0.701416 -0.015042
0.694158 -0.014547
0.686902 -0.014017
0.679649 -0.013453
0.672398 -0.012856
0.665150 -0.012227
0.657905 -0.011567
0.650662 -0.010877
0.643423 -0.010156
0.636186 -0.009407
0.628953 -0.008631
0.621722 -0.007826
0.614494 -0.006996
0.607270 -0.006141
0.600048 -0.005260
0.592829 -0.004356
0.585613 -0.003429
0.578400 -0.002481
0.571190 -0.001510
0.563982 -0.000520
0.556777 0.000490
0.549575 0.001519
0.542376 0.002565
0.535179 0.003629
0.527984 0.004709
0.520791 0.005805
0.513601 0.006915
0.506413 0.008039
0.499228 0.009176
0.492044 0.010325
0.484861 0.011486
0.477681 0.012657
0.470502 0.013839
0.463325 0.015030
0.456149 0.016229
0.448975 0.017436
0.441801 0.018650
0.434629 0.019870
0.427458 0.021095
0.420287 0.022326
0.413117 0.023560
0.405948 0.024798
0.398779 0.026038
0.391611 0.027281
0.384443 0.028524
0.377274 0.029768
0.370106 0.031012
0.362938 0.032256
0.355769 0.033497
0.348600 0.034737
0.341431 0.035974
0.334261 0.037208
0.327091 0.038438
0.319919 0.039664
0.312747 0.040884
0.305574 0.042098
0.298399 0.043307
0.291224 0.044508
0.284047 0.045702
0.276869 0.046888
0.269690 0.048065
0.262509 0.049234
0.255327 0.050393
0.248143 0.051542
0.240957 0.052680
0.233770 0.053807
0.226581 0.054923
0.219390 0.056027
0.212197 0.057119
0.205002 0.058198
0.197805 0.059264
0.190607 0.060317
0.183406 0.061356
0.176203 0.062380
0.168998 0.063390
0.161791 0.064385
0.154583 0.065365
0.147372 0.066330
0.140159 0.067279
0.132943 0.068213
0.125726 0.069130
0.118507 0.070031
0.111286 0.070916
0.104062 0.071784
0.096837 0.072636
0.089609 0.073471
0.082373 0.074219
0.075102 0.074379
0.067849 0.073854
0.060677 0.072646
0.053651 0.070767
0.046833 0.068234
0.040284 0.065069
0.034062 0.061301
0.028223 0.056963
0.022818 0.052093
0.017895 0.046735
0.013499 0.040936
0.009669 0.034749
0.006438 0.028228
0.003835 0.021431
0.001884 0.014419
0.000602 0.007254
0.000000 0.000000
0.000084 -0.007278
0.000852 -0.014517
0.002299 -0.021650
0.004411 -0.028615
0.007169 -0.035350
0.010550 -0.041795
0.014521 -0.047892
0.019050 -0.053588
0.024094 -0.058831
0.029610 -0.063575
0.035548 -0.067778
0.041855 -0.071402
0.048475 -0.074415
0.055349 -0.076790
0.062417 -0.078506
0.069613 -0.079558
0.076844 -0.080358
0.084078 -0.081134
0.091315 -0.081886
0.098555 -0.082612
0.105794 -0.083314
0.113038 -0.083990
0.120284 -0.084643
0.127532 -0.085270
0.134782 -0.085873
0.142034 -0.086451
0.149289 -0.087004
0.156545 -0.087533
0.163802 -0.088037
0.171062 -0.088516
0.178322 -0.088971
0.185585 -0.089402
0.192849 -0.089808
0.200114 -0.090191
0.207380 -0.090548
0.214648 -0.090882
0.221916 -0.091191
0.229186 -0.091477
0.236456 -0.091738
0.243728 -0.091976
0.251000 -0.092189
0.258272 -0.092379
0.265546 -0.092545
0.272819 -0.092688
0.280093 -0.092807
0.287368 -0.092903
0.294643 -0.092975
0.301918 -0.093024
0.309193 -0.093050
0.316468 -0.093053
0.323743 -0.093033
0.331018 -0.092991
0.338293 -0.092925
0.345568 -0.092837
0.352842 -0.092726
0.360116 -0.092593
0.367389 -0.092437
0.374662 -0.092259
0.381935 -0.092059
0.389207 -0.091837
0.396478 -0.091593
0.403748 -0.091327
0.411017 -0.091040
0.418286 -0.090731
0.425554 -0.090400
0.432820 -0.090048
0.440086 -0.089675
0.447350 -0.089280
0.454614 -0.088865
0.461876 -0.088428
0.469136 -0.087971
0.476396 -0.087493
0.483654 -0.086994
0.490911 -0.086475
0.498166 -0.085935
0.505419 -0.085375
0.512671 -0.084795
0.519922 -0.084194
0.527170 -0.083574
0.534417 -0.082934
0.541663 -0.082274
0.548906 -0.081594
0.556148 -0.080895
0.563387 -0.080176
0.570625 -0.079438
0.577861 -0.078681
0.585094 -0.077905
0.592326 -0.077109
0.599555 -0.076294
0.606783 -0.075461
0.614008 -0.074609
0.621231 -0.073738
0.628451 -0.072849
0.635670 -0.071941
0.642886 -0.071015
0.650100 -0.070070
0.657311 -0.069107
0.664520 -0.068126
0.671726 -0.067127
0.678930 -0.066110
0.686131 -0.065075
0.693330 -0.064023
0.700526 -0.062952
0.707719 -0.061865
0.714910 -0.060759
0.722098 -0.059636
0.729284 -0.058496
0.736466 -0.057338
0.743646 -0.056163
0.750823 -0.054971
0.757997 -0.053762
0.765168 -0.052536
0.772337 -0.051292
0.779502 -0.050032
0.786665 -0.048755
0.793824 -0.047461
0.800980 -0.046151
0.808133 -0.044824
0.815284 -0.043480
0.822431 -0.042119
0.829575 -0.040742
0.836715 -0.039349
0.843853 -0.037939
0.850987 -0.036513
0.858118 -0.035070
0.865246 -0.033612
0.872370 -0.032136
0.879491 -0.030645
0.886608 -0.029138
0.893722 -0.027614
0.900833 -0.026074
0.907940 -0.024518
0.915044 -0.022946
0.922144 -0.021358
0.929240 -0.019755
0.936333 -0.018135
0.943422 -0.016499
0.950508 -0.014847
0.957589 -0.013179
0.964667 -0.011495
0.971742 -0.009795
0.978812 -0.008080
0.985878 -0.006348
0.992941 -0.004601
1.000000 -0.002837
