TE_REAL
0.998685 0.001868
0.991559 0.000369
0.984421 -0.001080
0.977275 -0.002480
0.970118 -0.003830
0.962952 -0.005130
0.955778 -0.006380
0.948594 -0.007580
0.941403 -0.008730
0.934204 -0.009830
0.926997 -0.010880
0.919784 -0.011881
0.912564 -0.012831
0.905337 -0.013732
0.898104 -0.014584
0.890866 -0.015387
0.883622 -0.016141
0.876374 -0.016846
0.869121 -0.017502
0.861864 -0.018111
0.854603 -0.018672
0.847339 -0.019186
0.840071 -0.019653
0.832800 -0.020073
0.825527 -0.020447
0.818252 -0.020775
0.810975 -0.021059
0.803697 -0.021297
0.796417 -0.021492
0.789136 -0.021642
0.781854 -0.021750
0.774571 -0.021815
0.767289 -0.021838
0.760006 -0.021819
0.752724 -0.021760
0.745442 -0.021661
0.738161 -0.021522
0.730880 -0.021344
0.723601 -0.021128
0.716323 -0.020874
0.709046 -0.020583
0.701771 -0.020256
0.694497 -0.019893
0.687226 -0.019495
0.679956 -0.019063
0.672688 -0.018597
0.665423 -0.018098
0.658160 -0.017567
0.650899 -0.017005
0.643640 -0.016411
0.636384 -0.015788
0.629131 -0.015135
0.621881 -0.014453
0.614633 -0.013744
0.607387 -0.013006
0.600145 -0.012243
0.592905 -0.011453
0.585668 -0.010638
0.578434 -0.009799
0.571203 -0.008936
0.563974 -0.008049
0.556749 -0.007140
0.549526 -0.006210
0.542305 -0.005258
0.535088 -0.004286
0.527873 -0.003294
0.520661 -0.002283
0.513451 -0.001253
0.506244 -0.000206
0.499040 0.000858
0.491838 0.001939
0.484638 0.003036
0.477441 0.004148
0.470246 0.005274
0.463053 0.006414
0.455862 0.007568
0.448673 0.008734
0.441487 0.009912
0.434302 0.011102
0.427119 0.012303
0.419937 0.013514
0.412758 0.014734
0.405580 0.015964
0.398403 0.017202
0.391228 0.018449
0.384054 0.019702
0.376881 0.020963
0.369709 0.022230
0.362539 0.023503
0.355369 0.024781
0.348200 0.026063
0.341032 0.027350
0.333865 0.028641
0.326698 0.029935
0.319532 0.031232
0.312366 0.032531
0.305200 0.033832
0.298035 0.035134
0.290870 0.036438
0.283705 0.037742
0.276540 0.039045
0.269375 0.040349
0.262209 0.041652
0.255044 0.042953
0.247878 0.044253
0.240712 0.045552
0.233546 0.046847
0.226379 0.048141
0.219211 0.049431
0.212043 0.050718
0.204875 0.052001
0.197705 0.053281
0.190535 0.054556
0.183364 0.055827
0.176193 0.057093
0.169020 0.058355
0.161846 0.059611
0.154672 0.060861
0.147496 0.062106
0.140318 0.063346
0.133141 0.064579
0.125962 0.065807
0.118782 0.067028
0.111602 0.068242
0.104420 0.069451
0.097237 0.070653
0.090053 0.071848
0.082847 0.072890
0.075578 0.073274
0.068305 0.072953
0.061097 0.071931
0.054022 0.070217
0.047145 0.067827
0.040531 0.064784
0.034242 0.061115
0.028336 0.056856
0.022869 0.052046
0.017892 0.046730
0.013451 0.040958
0.009588 0.034784
0.006339 0.028265
0.003735 0.021463
0.001799 0.014440
0.000550 0.007264
0.000000 0.000000
0.000154 -0.007283
0.001009 -0.014517
0.002559 -0.021634
0.004789 -0.028569
0.007678 -0.035255
0.011199 -0.041631
0.015318 -0.047637
0.019998 -0.053217
0.025195 -0.058318
0.030860 -0.062893
0.036940 -0.066899
0.043378 -0.070299
0.050115 -0.073061
0.057086 -0.075158
0.064226 -0.076583
0.071414 -0.077752
0.078608 -0.078891
0.085805 -0.079999
0.093007 -0.081077
0.100214 -0.082125
0.107425 -0.083142
0.114641 -0.084129
0.121861 -0.085085
0.129084 -0.086012
0.136311 -0.086908
0.143542 -0.087774
0.150777 -0.088609
0.158015 -0.089415
0.165256 -0.090190
0.172500 -0.090935
0.179748 -0.091651
0.186998 -0.092336
0.194251 -0.092992
0.201507 -0.093618
0.208765 -0.094214
0.216026 -0.094780
0.223288 -0.095317
0.230553 -0.095825
0.237820 -0.096303
0.245089 -0.096752
0.252359 -0.097171
0.259632 -0.097562
0.266905 -0.097924
0.274180 -0.098256
0.281456 -0.098560
0.288734 -0.098836
0.296012 -0.099082
0.303291 -0.099301
0.310572 -0.099490
0.317852 -0.099652
0.325134 -0.099786
0.332416 -0.099891
0.339698 -0.099969
0.346980 -0.100019
0.354263 -0.100041
0.361545 -0.100036
0.368828 -0.100003
0.376110 -0.099943
0.383392 -0.099856
0.390674 -0.099741
0.397955 -0.099600
0.405236 -0.099432
0.412516 -0.099237
0.419795 -0.099016
0.427073 -0.098768
0.434351 -0.098494
0.441627 -0.098193
0.448902 -0.097867
0.456176 -0.097514
0.463449 -0.097136
0.470721 -0.096731
0.477990 -0.096302
0.485259 -0.095846
0.492526 -0.095366
0.499791 -0.094860
0.507054 -0.094328
0.514315 -0.093772
0.521574 -0.093191
0.528832 -0.092585
0.536087 -0.091954
0.543340 -0.091299
0.550591 -0.090619
0.557839 -0.089914
0.565085 -0.089186
0.572329 -0.088433
0.579570 -0.087656
0.586809 -0.086855
0.594044 -0.086030
0.601277 -0.085181
0.608508 -0.084309
0.615735 -0.083413
0.622959 -0.082493
0.630181 -0.081550
0.637399 -0.080584
0.644614 -0.079595
0.651826 -0.078582
0.659034 -0.077546
0.666240 -0.076487
0.673442 -0.075405
0.680640 -0.074301
0.687835 -0.073174
0.695026 -0.072024
0.702214 -0.070851
0.709398 -0.069656
0.716578 -0.068438
0.723754 -0.067198
0.730927 -0.065936
0.738095 -0.064651
0.745260 -0.063344
0.752420 -0.062015
0.759576 -0.060664
0.766728 -0.059291
0.773876 -0.057895
0.781020 -0.056478
0.788159 -0.055039
0.795293 -0.053578
0.802424 -0.052096
0.809549 -0.050591
0.816670 -0.049065
0.823787 -0.047518
0.830898 -0.045948
0.838005 -0.044357
0.845107 -0.042745
0.852204 -0.041111
0.859297 -0.039456
0.866384 -0.037779
0.873466 -0.036080
0.880543 -0.034361
0.887614 -0.032620
0.894681 -0.030857
0.901742 -0.029073
0.908797 -0.027268
0.915847 -0.025442
0.922892 -0.023594
0.929931 -0.021725
0.936964 -0.019835
0.943992 -0.017924
0.951014 -0.015991
0.958030 -0.014037
0.965040 -0.012062
0.972044 -0.010066
0.979042 -0.008048
0.986034 -0.006010
0.993021 -0.003950
1.000000 -0.001868
