TE_REAL
0.998676 0.001735
0.991649 -0.000137
0.984608 -0.001952
0.977553 -0.003711
0.970483 -0.005414
0.963401 -0.007060
0.956305 -0.008650
0.949197 -0.010182
0.942077 -0.011658
0.934945 -0.013077
0.927802 -0.014438
0.920649 -0.015743
0.913486 -0.016991
0.906313 -0.018183
0.899130 -0.019318
0.891939 -0.020397
0.884740 -0.021420
0.877534 -0.022386
0.870320 -0.023298
0.863099 -0.024154
0.855872 -0.024956
0.848639 -0.025703
0.841401 -0.026396
0.834158 -0.027036
0.826911 -0.027623
0.819659 -0.028157
0.812404 -0.028639
0.805145 -0.029070
0.797884 -0.029450
0.790620 -0.029780
0.783354 -0.030060
0.776087 -0.030291
0.768818 -0.030474
0.761548 -0.030609
0.754277 -0.030697
0.747006 -0.030739
0.739735 -0.030735
0.732464 -0.030687
0.725193 -0.030594
0.717923 -0.030458
0.710654 -0.030280
0.703386 -0.030060
0.696120 -0.029798
0.688855 -0.029497
0.681592 -0.029156
0.674330 -0.028776
0.667071 -0.028359
0.659814 -0.027904
0.652559 -0.027413
0.645307 -0.026887
0.638058 -0.026326
0.630811 -0.025731
0.623567 -0.025104
0.616325 -0.024443
0.609087 -0.023752
0.601852 -0.023029
0.594619 -0.022277
0.587390 -0.021496
0.580164 -0.020686
0.572941 -0.019849
0.565721 -0.018985
0.558505 -0.018096
0.551291 -0.017181
0.544081 -0.016241
0.536874 -0.015278
0.529670 -0.014292
0.522468 -0.013284
0.515270 -0.012254
0.508075 -0.011204
0.500883 -0.010134
0.493694 -0.009044
0.486508 -0.007936
0.479324 -0.006810
0.472143 -0.005667
0.464965 -0.004508
0.457789 -0.003332
0.450615 -0.002142
0.443445 -0.000938
0.436276 0.000281
0.429110 0.001512
0.421945 0.002756
0.414783 0.004011
0.407623 0.005278
0.400465 0.006555
0.393308 0.007842
0.386153 0.009138
0.379000 0.010443
0.371848 0.011756
0.364698 0.013076
0.357549 0.014404
0.350401 0.015738
0.343254 0.017077
0.336108 0.018422
0.328963 0.019771
0.321819 0.021125
0.314675 0.022482
0.307532 0.023842
0.300390 0.025205
0.293248 0.026570
0.286106 0.027936
0.278963 0.029304
0.271822 0.030673
0.264680 0.032041
0.257539 0.033410
0.250397 0.034777
0.243255 0.036144
0.236113 0.037509
0.228971 0.038873
0.221828 0.040234
0.214685 0.041592
0.207541 0.042948
0.200396 0.044300
0.193251 0.045649
0.186105 0.046993
0.178958 0.048333
0.171810 0.049669
0.164662 0.051000
0.157512 0.052326
0.150362 0.053646
0.143210 0.054961
0.136058 0.056270
0.128904 0.057573
0.121749 0.058870
0.114593 0.060161
0.107436 0.061445
0.100278 0.062723
0.093119 0.063994
0.085958 0.065259
0.078791 0.066482
0.071552 0.067130
0.064285 0.067012
0.057070 0.066131
0.049989 0.064496
0.043118 0.062125
0.036534 0.059045
0.030310 0.055289
0.024515 0.050900
0.019213 0.045926
0.014463 0.040421
0.010317 0.034448
0.006821 0.028072
0.004015 0.021363
0.001928 0.014396
0.000585 0.007249
0.000000 0.000000
0.000179 -0.007270
0.001121 -0.014482
0.002816 -0.021554
0.005243 -0.028409
0.008377 -0.034971
0.012183 -0.041167
0.016618 -0.046928
0.021634 -0.052191
0.027175 -0.056898
0.033179 -0.060995
0.039581 -0.064439
0.046309 -0.067190
0.053288 -0.069218
0.060430 -0.070580
0.067596 -0.071812
0.074767 -0.073018
0.081942 -0.074198
0.089121 -0.075352
0.096304 -0.076480
0.103491 -0.077582
0.110683 -0.078659
0.117878 -0.079710
0.125076 -0.080735
0.132279 -0.081735
0.139484 -0.082709
0.146694 -0.083657
0.153906 -0.084579
0.161122 -0.085475
0.168341 -0.086346
0.175563 -0.087191
0.182788 -0.088011
0.190016 -0.088805
0.197246 -0.089573
0.204480 -0.090315
0.211716 -0.091032
0.218954 -0.091723
0.226195 -0.092388
0.233438 -0.093028
0.240683 -0.093642
0.247931 -0.094230
0.255180 -0.094792
0.262431 -0.095329
0.269685 -0.095840
0.276940 -0.096325
0.284197 -0.096784
0.291455 -0.097218
0.298715 -0.097625
0.305976 -0.098007
0.313238 -0.098363
0.320502 -0.098693
0.327767 -0.098997
0.335033 -0.099275
0.342300 -0.099527
0.349568 -0.099753
0.356836 -0.099953
0.364105 -0.100127
0.371375 -0.100274
0.378645 -0.100396
0.385916 -0.100491
0.393187 -0.100559
0.400458 -0.100602
0.407729 -0.100618
0.415000 -0.100607
0.422271 -0.100570
0.429542 -0.100506
0.436813 -0.100416
0.444083 -0.100299
0.451353 -0.100155
0.458622 -0.099985
0.465891 -0.099787
0.473159 -0.099563
0.480425 -0.099311
0.487691 -0.099033
0.494956 -0.098727
0.502220 -0.098393
0.509482 -0.098033
0.516743 -0.097645
0.524002 -0.097229
0.531260 -0.096786
0.538516 -0.096316
0.545770 -0.095817
0.553022 -0.095291
0.560272 -0.094736
0.567520 -0.094154
0.574765 -0.093543
0.582008 -0.092904
0.589249 -0.092237
0.596487 -0.091541
0.603722 -0.090817
0.610954 -0.090065
0.618183 -0.089283
0.625409 -0.088473
0.632632 -0.087633
0.639851 -0.086765
0.647068 -0.085868
0.654280 -0.084941
0.661488 -0.083985
0.668692 -0.082999
0.675892 -0.081984
0.683088 -0.080940
0.690280 -0.079865
0.697467 -0.078761
0.704649 -0.077627
0.711827 -0.076462
0.718999 -0.075268
0.726167 -0.074043
0.733329 -0.072788
0.740486 -0.071502
0.747637 -0.070186
0.754782 -0.068839
0.761922 -0.067461
0.769056 -0.066052
0.776183 -0.064612
0.783304 -0.063142
0.790419 -0.061640
0.797527 -0.060106
0.804628 -0.058542
0.811722 -0.056946
0.818809 -0.055318
0.825889 -0.053659
0.832961 -0.051968
0.840025 -0.050246
0.847082 -0.048491
0.854131 -0.046705
0.861171 -0.044886
0.868203 -0.043036
0.875227 -0.041154
0.882242 -0.039239
0.889248 -0.037292
0.896245 -0.035313
0.903233 -0.033301
0.910212 -0.031257
0.917180 -0.029181
0.924140 -0.027073
0.931089 -0.024931
0.938028 -0.022758
0.944957 -0.020552
0.951876 -0.018313
0.958784 -0.016042
0.965680 -0.013739
0.972566 -0.011403
0.979442 -0.009035
0.986306 -0.006634
0.993159 -0.004201
1.000000 -0.001735
