TE_REAL
0.998911 0.001632
0.991793 0.000061
0.984664 -0.001458
0.977525 -0.002926
0.970375 -0.004342
0.963215 -0.005706
0.956045 -0.007018
0.948866 -0.008278
0.941678 -0.009486
0.934481 -0.010643
0.927277 -0.011747
0.920064 -0.012800
0.912845 -0.013801
0.905618 -0.014750
0.898385 -0.015648
0.891145 -0.016495
0.883900 -0.017291
0.876650 -0.018037
0.869394 -0.018732
0.862134 -0.019377
0.854870 -0.019973
0.847602 -0.020519
0.840330 -0.021017
0.833055 -0.021466
0.825777 -0.021867
0.818497 -0.022221
0.811215 -0.022527
0.803931 -0.022788
0.796645 -0.023002
0.789359 -0.023171
0.782071 -0.023294
0.774783 -0.023374
0.767494 -0.023410
0.760205 -0.023403
0.752917 -0.023354
0.745629 -0.023263
0.738341 -0.023130
0.731055 -0.022958
0.723769 -0.022745
0.716485 -0.022494
0.709202 -0.022204
0.701920 -0.021876
0.694641 -0.021511
0.687363 -0.021110
0.680087 -0.020674
0.672814 -0.020202
0.665543 -0.019697
0.658274 -0.019158
0.651008 -0.018586
0.643744 -0.017982
0.636483 -0.017347
0.629225 -0.016682
0.621969 -0.015987
0.614717 -0.015263
0.607467 -0.014510
0.600220 -0.013730
0.592976 -0.012923
0.585735 -0.012090
0.578497 -0.011232
0.571262 -0.010349
0.564030 -0.009442
0.556801 -0.008512
0.549574 -0.007559
0.542351 -0.006585
0.535131 -0.005589
0.527913 -0.004573
0.520698 -0.003537
0.513486 -0.002482
0.506277 -0.001409
0.499070 -0.000318
0.491866 0.000790
0.484664 0.001914
0.477465 0.003054
0.470268 0.004209
0.463074 0.005378
0.455882 0.006561
0.448692 0.007757
0.441504 0.008966
0.434318 0.010186
0.427134 0.011418
0.419952 0.012660
0.412771 0.013912
0.405593 0.015174
0.398415 0.016444
0.391240 0.017723
0.384065 0.019009
0.376892 0.020303
0.369720 0.021603
0.362549 0.022909
0.355380 0.024220
0.348211 0.025537
0.341042 0.026858
0.333875 0.028183
0.326708 0.029511
0.319542 0.030842
0.312376 0.032175
0.305211 0.033511
0.298046 0.034847
0.290881 0.036185
0.283716 0.037524
0.276551 0.038862
0.269386 0.040200
0.262221 0.041538
0.255056 0.042874
0.247889 0.044209
0.240724 0.045542
0.233557 0.046872
0.226390 0.048200
0.219223 0.049525
0.212055 0.050846
0.204886 0.052164
0.197717 0.053478
0.190546 0.054788
0.183375 0.056093
0.176203 0.057393
0.169031 0.058688
0.161857 0.059978
0.154682 0.061262
0.147506 0.062541
0.140329 0.063814
0.133151 0.065080
0.125973 0.066341
0.118792 0.067595
0.111611 0.068843
0.104429 0.070084
0.097245 0.071319
0.090061 0.072547
0.082839 0.073516
0.075559 0.073799
0.068284 0.073385
0.061083 0.072279
0.054020 0.070491
0.047159 0.068036
0.040564 0.064938
0.034294 0.061225
0.028407 0.056930
0.022956 0.052093
0.017991 0.046757
0.013558 0.040972
0.009697 0.034790
0.006442 0.028268
0.003824 0.021465
0.001867 0.014443
0.000589 0.007266
0.000000 0.000000
0.000107 -0.007289
0.000908 -0.014535
0.002397 -0.021671
0.004559 -0.028632
0.007375 -0.035356
0.010820 -0.041780
0.014861 -0.047846
0.019462 -0.053498
0.024581 -0.058685
0.030171 -0.063361
0.036182 -0.067481
0.042558 -0.071009
0.049241 -0.073912
0.056170 -0.076164
0.063283 -0.077744
0.070471 -0.078952
0.077664 -0.080127
0.084863 -0.081269
0.092067 -0.082378
0.099276 -0.083454
0.106490 -0.084498
0.113708 -0.085508
0.120931 -0.086486
0.128159 -0.087430
0.135390 -0.088342
0.142627 -0.089221
0.149865 -0.090067
0.157108 -0.090881
0.164355 -0.091662
0.171605 -0.092410
0.178859 -0.093127
0.186115 -0.093810
0.193375 -0.094462
0.200637 -0.095081
0.207902 -0.095668
0.215170 -0.096224
0.222440 -0.096747
0.229712 -0.097239
0.236986 -0.097699
0.244262 -0.098128
0.251540 -0.098526
0.258819 -0.098892
0.266100 -0.099228
0.273383 -0.099532
0.280666 -0.099806
0.287951 -0.100049
0.295237 -0.100262
0.302523 -0.100445
0.309810 -0.100597
0.317098 -0.100720
0.324386 -0.100813
0.331674 -0.100876
0.338963 -0.100910
0.346252 -0.100915
0.353540 -0.100891
0.360829 -0.100838
0.368117 -0.100757
0.375405 -0.100646
0.382692 -0.100508
0.389979 -0.100342
0.397265 -0.100147
0.404551 -0.099925
0.411835 -0.099676
0.419119 -0.099399
0.426401 -0.099095
0.433682 -0.098764
0.440962 -0.098406
0.448241 -0.098022
0.455518 -0.097611
0.462793 -0.097174
0.470067 -0.096711
0.477340 -0.096223
0.484610 -0.095708
0.491879 -0.095169
0.499146 -0.094604
0.506411 -0.094014
0.513673 -0.093399
0.520934 -0.092760
0.528192 -0.092096
0.535449 -0.091408
0.542702 -0.090695
0.549954 -0.089959
0.557203 -0.089199
0.564449 -0.088415
0.571693 -0.087608
0.578935 -0.086778
0.586173 -0.085924
0.593409 -0.085048
0.600642 -0.084149
0.607873 -0.083228
0.615100 -0.082284
0.622324 -0.081318
0.629546 -0.080330
0.636764 -0.079320
0.643980 -0.078288
0.651192 -0.077234
0.658401 -0.076160
0.665607 -0.075063
0.672809 -0.073946
0.680009 -0.072808
0.687205 -0.071649
0.694397 -0.070469
0.701587 -0.069268
0.708772 -0.068048
0.715955 -0.066806
0.723134 -0.065545
0.730309 -0.064264
0.737481 -0.062962
0.744649 -0.061641
0.751813 -0.060300
0.758974 -0.058940
0.766131 -0.057560
0.773284 -0.056160
0.780433 -0.054742
0.787579 -0.053304
0.794721 -0.051847
0.801858 -0.050371
0.808992 -0.048877
0.816122 -0.047363
0.823248 -0.045831
0.830371 -0.044280
0.837489 -0.042711
0.844603 -0.041123
0.851713 -0.039517
0.858819 -0.037892
0.865920 -0.036250
0.873017 -0.034589
0.880110 -0.032910
0.887199 -0.031213
0.894283 -0.029497
0.901363 -0.027764
0.908438 -0.026013
0.915509 -0.024244
0.922576 -0.022458
0.929638 -0.020653
0.936695 -0.018831
0.943748 -0.016990
0.950796 -0.015133
0.957840 -0.013257
0.964879 -0.011364
0.971913 -0.009453
0.978942 -0.007524
0.985966 -0.005578
0.992985 -0.003614
1.000000 -0.001632
