TE_REAL
0.998245 0.002388
0.991320 0.000597
0.984384 -0.001148
0.977436 -0.002848
0.970478 -0.004503
0.963509 -0.006112
0.956530 -0.007676
0.949540 -0.009194
0.942541 -0.010666
0.935533 -0.012093
0.928515 -0.013475
0.921489 -0.014811
0.914454 -0.016101
0.907411 -0.017346
0.900360 -0.018546
0.893302 -0.019701
0.886237 -0.020811
0.879164 -0.021876
0.872085 -0.022897
0.865000 -0.023873
0.857909 -0.024806
0.850812 -0.025694
0.843710 -0.026539
0.836603 -0.027341
0.829491 -0.028099
0.822375 -0.028815
0.815255 -0.029489
0.808131 -0.030121
0.801003 -0.030711
0.793872 -0.031260
0.786738 -0.031768
0.779602 -0.032236
0.772462 -0.032664
0.765321 -0.033053
0.758177 -0.033402
0.751032 -0.033713
0.743885 -0.033986
0.736737 -0.034221
0.729588 -0.034419
0.722438 -0.034581
0.715287 -0.034706
0.708135 -0.034795
0.700983 -0.034850
0.693831 -0.034870
0.686679 -0.034855
0.679528 -0.034807
0.672376 -0.034727
0.665225 -0.034613
0.658074 -0.034468
0.650924 -0.034291
0.643775 -0.034084
0.636627 -0.033846
0.629480 -0.033579
0.622334 -0.033282
0.615190 -0.032956
0.608047 -0.032603
0.600905 -0.032222
0.593764 -0.031814
0.586625 -0.031380
0.579488 -0.030920
0.572353 -0.030434
0.565219 -0.029924
0.558087 -0.029389
0.550956 -0.028831
0.543828 -0.028250
0.536702 -0.027646
0.529577 -0.027020
0.522454 -0.026373
0.515333 -0.025704
0.508215 -0.025016
0.501098 -0.024307
0.493983 -0.023579
0.486870 -0.022832
0.479759 -0.022067
0.472650 -0.021283
0.465542 -0.020483
0.458437 -0.019666
0.451334 -0.018832
0.444232 -0.017983
0.437133 -0.017118
0.430035 -0.016238
0.422939 -0.015344
0.415844 -0.014436
0.408752 -0.013515
0.401661 -0.012581
0.394572 -0.011634
0.387484 -0.010675
0.380398 -0.009705
0.373314 -0.008723
0.366231 -0.007731
0.359149 -0.006728
0.352069 -0.005716
0.344991 -0.004694
0.337913 -0.003664
0.330837 -0.002624
0.323762 -0.001577
0.316688 -0.000521
0.309615 0.000542
0.302544 0.001612
0.295473 0.002688
0.288403 0.003771
0.281335 0.004860
0.274267 0.005954
0.267200 0.007053
0.260133 0.008158
0.253068 0.009267
0.246003 0.010380
0.238939 0.011497
0.231875 0.012617
0.224812 0.013741
0.217749 0.014868
0.210686 0.015998
0.203625 0.017130
0.196563 0.018265
0.189502 0.019401
0.182441 0.020539
0.175378 0.021678
0.168317 0.022819
0.161257 0.023961
0.154197 0.025103
0.147136 0.026246
0.140076 0.027389
0.133016 0.028533
0.125956 0.029677
0.118896 0.030820
0.111835 0.031964
0.104775 0.033107
0.097715 0.034249
0.090654 0.035391
0.083594 0.036533
0.076533 0.037673
0.069472 0.038813
0.062412 0.039952
0.055351 0.041090
0.048274 0.042116
0.041130 0.042171
0.034069 0.041079
0.027275 0.038868
0.020923 0.035595
0.015177 0.031346
0.010187 0.026229
0.006081 0.020377
0.002965 0.013942
0.000920 0.007091
0.000000 0.000000
0.000227 -0.007147
0.001597 -0.014165
0.004073 -0.020872
0.007591 -0.027096
0.012061 -0.032674
0.017367 -0.037462
0.023371 -0.041338
0.029918 -0.044199
0.036839 -0.045973
0.043903 -0.047105
0.050967 -0.048216
0.058035 -0.049308
0.065106 -0.050383
0.072180 -0.051439
0.079256 -0.052477
0.086335 -0.053497
0.093417 -0.054499
0.100501 -0.055482
0.107588 -0.056447
0.114677 -0.057394
0.121769 -0.058323
0.128863 -0.059233
0.135959 -0.060125
0.143058 -0.060998
0.150158 -0.061853
0.157261 -0.062690
0.164367 -0.063508
0.171474 -0.064308
0.178583 -0.065089
0.185694 -0.065852
0.192808 -0.066596
0.199923 -0.067321
0.207040 -0.068028
0.214159 -0.068715
0.221280 -0.069384
0.228402 -0.070035
0.235526 -0.070666
0.242652 -0.071278
0.249780 -0.071871
0.256909 -0.072445
0.264039 -0.072999
0.271171 -0.073535
0.278305 -0.074050
0.285439 -0.074547
0.292576 -0.075024
0.299713 -0.075481
0.306852 -0.075919
0.313991 -0.076336
0.321132 -0.076734
0.328275 -0.077112
0.335418 -0.077469
0.342562 -0.077807
0.349707 -0.078124
0.356853 -0.078420
0.363999 -0.078697
0.371147 -0.078952
0.378295 -0.079187
0.385444 -0.079401
0.392593 -0.079594
0.399743 -0.079765
0.406894 -0.079916
0.414044 -0.080045
0.421196 -0.080153
0.428347 -0.080239
0.435499 -0.080303
0.442651 -0.080346
0.449803 -0.080366
0.456955 -0.080365
0.464107 -0.080341
0.471259 -0.080295
0.478410 -0.080226
0.485562 -0.080134
0.492713 -0.080020
0.499863 -0.079883
0.507014 -0.079723
0.514163 -0.079539
0.521312 -0.079332
0.528461 -0.079101
0.535608 -0.078847
0.542755 -0.078569
0.549900 -0.078267
0.557045 -0.077941
0.564188 -0.077590
0.571330 -0.077215
0.578471 -0.076816
0.585611 -0.076391
0.592749 -0.075942
0.599885 -0.075468
0.607019 -0.074968
0.614152 -0.074443
0.621283 -0.073892
0.628412 -0.073316
0.635538 -0.072714
0.642663 -0.072086
0.649785 -0.071432
0.656904 -0.070751
0.664021 -0.070044
0.671136 -0.069310
0.678247 -0.068550
0.685356 -0.067762
0.692461 -0.066948
0.699564 -0.066106
0.706663 -0.065237
0.713758 -0.064340
0.720850 -0.063416
0.727939 -0.062464
0.735024 -0.061483
0.742104 -0.060475
0.749181 -0.059438
0.756253 -0.058373
0.763321 -0.057280
0.770385 -0.056158
0.777444 -0.055007
0.784498 -0.053827
0.791547 -0.052618
0.798592 -0.051380
0.805631 -0.050112
0.812664 -0.048815
0.819693 -0.047489
0.826715 -0.046133
0.833732 -0.044747
0.840743 -0.043332
0.847747 -0.041887
0.854746 -0.040411
0.861738 -0.038906
0.868724 -0.037370
0.875702 -0.035804
0.882674 -0.034208
0.889639 -0.032581
0.896597 -0.030924
0.903548 -0.029236
0.910491 -0.027518
0.917426 -0.025769
0.924354 -0.023990
0.931273 -0.022179
0.938185 -0.020339
0.945088 -0.018467
0.951983 -0.016565
0.958870 -0.014631
0.965747 -0.012668
0.972616 -0.010673
0.979476 -0.008648
0.986327 -0.006592
0.993168 -0.004505
1.000000 -0.002388
