TE_REAL
0.997358 0.003970
0.990247 0.002405
0.983124 0.000891
0.975991 -0.000572
0.968847 -0.001984
0.961694 -0.003345
0.954531 -0.004655
0.947359 -0.005913
0.940178 -0.007120
0.932989 -0.008276
0.925792 -0.009381
0.918587 -0.010435
0.911374 -0.011437
0.904155 -0.012389
0.896930 -0.013290
0.889698 -0.014140
0.882461 -0.014941
0.875218 -0.015691
0.867970 -0.016392
0.860718 -0.017044
0.853462 -0.017646
0.846201 -0.018200
0.838937 -0.018706
0.831670 -0.019163
0.824401 -0.019574
0.817128 -0.019937
0.809854 -0.020255
0.802577 -0.020526
0.795299 -0.020752
0.788020 -0.020933
0.780740 -0.021069
0.773459 -0.021162
0.766178 -0.021212
0.758897 -0.021219
0.751616 -0.021184
0.744335 -0.021108
0.737054 -0.020992
0.729774 -0.020835
0.722496 -0.020639
0.715218 -0.020404
0.707942 -0.020131
0.700667 -0.019821
0.693394 -0.019474
0.686122 -0.019091
0.678853 -0.018673
0.671586 -0.018220
0.664321 -0.017734
0.657058 -0.017214
0.649797 -0.016662
0.642539 -0.016078
0.635284 -0.015463
0.628031 -0.014818
0.620781 -0.014143
0.613534 -0.013439
0.606289 -0.012707
0.599047 -0.011948
0.591808 -0.011162
0.584572 -0.010350
0.577339 -0.009512
0.570109 -0.008650
0.562881 -0.007764
0.555657 -0.006855
0.548435 -0.005924
0.541216 -0.004970
0.534000 -0.003996
0.526787 -0.003001
0.519576 -0.001986
0.512368 -0.000952
0.505163 0.000100
0.497961 0.001170
0.490761 0.002258
0.483563 0.003361
0.476368 0.004481
0.469175 0.005615
0.461985 0.006765
0.454797 0.007928
0.447611 0.009104
0.440427 0.010293
0.433245 0.011494
0.426065 0.012706
0.418887 0.013930
0.411711 0.015163
0.404536 0.016407
0.397363 0.017659
0.390191 0.018920
0.383021 0.020189
0.375852 0.021465
0.368684 0.022749
0.361518 0.024038
0.354352 0.025334
0.347187 0.026634
0.340024 0.027940
0.332861 0.029250
0.325699 0.030563
0.318537 0.031880
0.311376 0.033200
0.304215 0.034522
0.297055 0.035846
0.289895 0.037171
0.282735 0.038498
0.275576 0.039825
0.268416 0.041152
0.261256 0.042479
0.254096 0.043805
0.246936 0.045130
0.239776 0.046454
0.232616 0.047776
0.225455 0.049096
0.218293 0.050414
0.211131 0.051729
0.203969 0.053040
0.196806 0.054349
0.189642 0.055653
0.182477 0.056954
0.175312 0.058251
0.168146 0.059543
0.160979 0.060830
0.153811 0.062113
0.146643 0.063391
0.139473 0.064663
0.132302 0.065930
0.125131 0.067191
0.117958 0.068447
0.110785 0.069697
0.103610 0.070941
0.096434 0.072179
0.089256 0.073412
0.082033 0.074315
0.074757 0.074525
0.067495 0.074039
0.060312 0.072861
0.053274 0.071003
0.046445 0.068481
0.039887 0.065319
0.033661 0.061545
0.027822 0.057193
0.022425 0.052303
0.017517 0.046920
0.013145 0.041093
0.009348 0.034875
0.006161 0.028323
0.003612 0.021496
0.001725 0.014457
0.000518 0.007270
0.000000 0.000000
0.000177 -0.007286
0.001048 -0.014522
0.002603 -0.021642
0.004830 -0.028581
0.007708 -0.035275
0.011210 -0.041664
0.015304 -0.047690
0.019954 -0.053297
0.025117 -0.058434
0.030746 -0.063055
0.036789 -0.067117
0.043192 -0.070584
0.049896 -0.073423
0.056839 -0.075609
0.063959 -0.077124
0.071139 -0.078335
0.078324 -0.079513
0.085515 -0.080659
0.092711 -0.081772
0.099911 -0.082854
0.107117 -0.083903
0.114328 -0.084920
0.121544 -0.085906
0.128762 -0.086858
0.135985 -0.087779
0.143212 -0.088668
0.150443 -0.089524
0.157678 -0.090349
0.164916 -0.091142
0.172157 -0.091903
0.179402 -0.092633
0.186650 -0.093331
0.193901 -0.093997
0.201155 -0.094632
0.208411 -0.095235
0.215670 -0.095807
0.222931 -0.096348
0.230195 -0.096858
0.237461 -0.097337
0.244728 -0.097785
0.251998 -0.098203
0.259269 -0.098590
0.266542 -0.098947
0.273816 -0.099273
0.281091 -0.099569
0.288368 -0.099836
0.295645 -0.100072
0.302924 -0.100279
0.310203 -0.100456
0.317483 -0.100604
0.324763 -0.100723
0.332044 -0.100813
0.339325 -0.100873
0.346606 -0.100905
0.353888 -0.100909
0.361169 -0.100884
0.368450 -0.100831
0.375731 -0.100749
0.383012 -0.100640
0.390292 -0.100503
0.397572 -0.100339
0.404850 -0.100147
0.412128 -0.099928
0.419406 -0.099682
0.426682 -0.099409
0.433957 -0.099110
0.441231 -0.098784
0.448504 -0.098431
0.455776 -0.098053
0.463046 -0.097648
0.470315 -0.097218
0.477582 -0.096762
0.484847 -0.096281
0.492111 -0.095774
0.499373 -0.095242
0.506633 -0.094686
0.513892 -0.094104
0.521148 -0.093498
0.528402 -0.092867
0.535654 -0.092213
0.542904 -0.091534
0.550151 -0.090831
0.557396 -0.090104
0.564639 -0.089354
0.571879 -0.088580
0.579117 -0.087783
0.586352 -0.086963
0.593585 -0.086120
0.600814 -0.085254
0.608041 -0.084365
0.615266 -0.083454
0.622487 -0.082520
0.629706 -0.081564
0.636921 -0.080586
0.644134 -0.079587
0.651343 -0.078565
0.658550 -0.077521
0.665753 -0.076456
0.672953 -0.075370
0.680150 -0.074262
0.687344 -0.073133
0.694534 -0.071984
0.701721 -0.070813
0.708904 -0.069621
0.716084 -0.068409
0.723261 -0.067176
0.730434 -0.065923
0.737603 -0.064649
0.744769 -0.063355
0.751931 -0.062041
0.759089 -0.060707
0.766244 -0.059353
0.773395 -0.057980
0.780542 -0.056586
0.787685 -0.055173
0.794825 -0.053740
0.801960 -0.052288
0.809092 -0.050817
0.816219 -0.049326
0.823343 -0.047816
0.830462 -0.046286
0.837577 -0.044738
0.844688 -0.043171
0.851795 -0.041584
0.858898 -0.039979
0.865996 -0.038355
0.873090 -0.036712
0.880180 -0.035050
0.887265 -0.033370
0.894346 -0.031671
0.901423 -0.029954
0.908495 -0.028217
0.915562 -0.026463
0.922625 -0.024690
0.929683 -0.022898
0.936736 -0.021088
0.943785 -0.019260
0.950829 -0.017413
0.957868 -0.015547
0.964902 -0.013664
0.971932 -0.011762
0.978956 -0.009842
0.985975 -0.007903
0.992991 -0.005946
1.000000 -0.003970
