TE_REAL
0.998902 0.001629
0.991782 0.000073
0.984650 -0.001431
0.977507 -0.002884
0.970354 -0.004286
0.963192 -0.005635
0.956019 -0.006933
0.948838 -0.008179
0.941648 -0.009374
0.934449 -0.010516
0.927242 -0.011607
0.920028 -0.012647
0.912806 -0.013634
0.905578 -0.014571
0.898343 -0.015456
0.891102 -0.016290
0.883856 -0.017074
0.876604 -0.017807
0.869348 -0.018490
0.862086 -0.019123
0.854821 -0.019707
0.847552 -0.020242
0.840280 -0.020728
0.833004 -0.021166
0.825726 -0.021556
0.818445 -0.021899
0.811163 -0.022195
0.803878 -0.022444
0.796592 -0.022648
0.789305 -0.022807
0.782018 -0.022921
0.774729 -0.022991
0.767441 -0.023017
0.760152 -0.023001
0.752863 -0.022942
0.745575 -0.022842
0.738288 -0.022701
0.731002 -0.022520
0.723716 -0.022299
0.716432 -0.022039
0.709150 -0.021741
0.701869 -0.021406
0.694590 -0.021034
0.687312 -0.020625
0.680037 -0.020181
0.672764 -0.019703
0.665493 -0.019191
0.658225 -0.018645
0.650959 -0.018067
0.643696 -0.017457
0.636436 -0.016817
0.629178 -0.016146
0.621923 -0.015445
0.614671 -0.014716
0.607422 -0.013958
0.600175 -0.013173
0.592932 -0.012362
0.585691 -0.011524
0.578454 -0.010662
0.571219 -0.009775
0.563988 -0.008864
0.556759 -0.007931
0.549533 -0.006975
0.542310 -0.005997
0.535090 -0.004999
0.527873 -0.003980
0.520658 -0.002942
0.513447 -0.001885
0.506238 -0.000810
0.499031 0.000282
0.491827 0.001391
0.484626 0.002517
0.477427 0.003657
0.470230 0.004813
0.463036 0.005982
0.455844 0.007165
0.448654 0.008361
0.441466 0.009569
0.434280 0.010789
0.427096 0.012019
0.419913 0.013260
0.412732 0.014511
0.405553 0.015770
0.398376 0.017039
0.391200 0.018315
0.384025 0.019599
0.376851 0.020889
0.369678 0.022186
0.362507 0.023488
0.355336 0.024796
0.348167 0.026108
0.340998 0.027425
0.333830 0.028745
0.326662 0.030068
0.319495 0.031393
0.312328 0.032721
0.305161 0.034050
0.297995 0.035381
0.290829 0.036712
0.283663 0.038043
0.276497 0.039374
0.269330 0.040705
0.262164 0.042034
0.254997 0.043362
0.247830 0.044688
0.240662 0.046012
0.233494 0.047333
0.226326 0.048652
0.219157 0.049966
0.211985 0.051278
0.204815 0.052585
0.197643 0.053888
0.190471 0.055186
0.183298 0.056479
0.176124 0.057767
0.168949 0.059050
0.161773 0.060327
0.154596 0.061598
0.147417 0.062864
0.140238 0.064122
0.133058 0.065375
0.125876 0.066621
0.118693 0.067860
0.111510 0.069092
0.104325 0.070318
0.097138 0.071536
0.089951 0.072748
0.082727 0.073696
0.075445 0.073957
0.068172 0.073523
0.060974 0.072398
0.053915 0.070591
0.047060 0.068120
0.040472 0.065007
0.034211 0.061280
0.028332 0.056973
0.022890 0.052126
0.017935 0.046782
0.013511 0.040989
0.009659 0.034802
0.006413 0.028275
0.003804 0.021469
0.001854 0.014445
0.000583 0.007267
0.000000 0.000000
0.000112 -0.007289
0.000917 -0.014534
0.002409 -0.021670
0.004573 -0.028631
0.007391 -0.035354
0.010835 -0.041777
0.014876 -0.047844
0.019475 -0.053497
0.024593 -0.058686
0.030181 -0.063364
0.036189 -0.067489
0.042562 -0.071021
0.049243 -0.073930
0.056170 -0.076189
0.063281 -0.077778
0.070471 -0.078972
0.077666 -0.080132
0.084867 -0.081260
0.092072 -0.082356
0.099284 -0.083419
0.106499 -0.084450
0.113719 -0.085449
0.120945 -0.086415
0.128173 -0.087349
0.135406 -0.088251
0.142642 -0.089121
0.149883 -0.089958
0.157127 -0.090763
0.164375 -0.091537
0.171626 -0.092278
0.178880 -0.092988
0.186137 -0.093665
0.193397 -0.094311
0.200660 -0.094926
0.207925 -0.095509
0.215193 -0.096060
0.222463 -0.096580
0.229735 -0.097069
0.237010 -0.097527
0.244286 -0.097954
0.251564 -0.098350
0.258843 -0.098716
0.266124 -0.099051
0.273406 -0.099355
0.280690 -0.099630
0.287975 -0.099874
0.295260 -0.100088
0.302547 -0.100272
0.309834 -0.100427
0.317121 -0.100553
0.324409 -0.100648
0.331698 -0.100715
0.338986 -0.100753
0.346275 -0.100762
0.353564 -0.100742
0.360852 -0.100694
0.368140 -0.100617
0.375428 -0.100512
0.382716 -0.100380
0.390003 -0.100219
0.397289 -0.100031
0.404574 -0.099815
0.411859 -0.099572
0.419143 -0.099302
0.426425 -0.099005
0.433707 -0.098681
0.440987 -0.098331
0.448266 -0.097954
0.455544 -0.097551
0.462820 -0.097122
0.470094 -0.096668
0.477367 -0.096187
0.484638 -0.095681
0.491908 -0.095150
0.499175 -0.094593
0.506441 -0.094011
0.513704 -0.093405
0.520965 -0.092774
0.528225 -0.092119
0.535481 -0.091439
0.542736 -0.090735
0.549988 -0.090007
0.557238 -0.089255
0.564486 -0.088480
0.571730 -0.087681
0.578973 -0.086859
0.586212 -0.086013
0.593449 -0.085145
0.600683 -0.084254
0.607914 -0.083340
0.615143 -0.082404
0.622368 -0.081445
0.629590 -0.080464
0.636810 -0.079461
0.644026 -0.078436
0.651239 -0.077389
0.658449 -0.076320
0.665656 -0.075230
0.672860 -0.074119
0.680060 -0.072986
0.687257 -0.071832
0.694450 -0.070657
0.701640 -0.069462
0.708827 -0.068245
0.716010 -0.067008
0.723189 -0.065750
0.730365 -0.064472
0.737537 -0.063174
0.744706 -0.061855
0.751871 -0.060517
0.759032 -0.059158
0.766189 -0.057780
0.773342 -0.056382
0.780492 -0.054964
0.787637 -0.053526
0.794779 -0.052069
0.801917 -0.050593
0.809051 -0.049097
0.816180 -0.047582
0.823306 -0.046048
0.830427 -0.044495
0.837544 -0.042922
0.844657 -0.041331
0.851766 -0.039721
0.858871 -0.038092
0.865971 -0.036445
0.873067 -0.034778
0.880159 -0.033093
0.887246 -0.031389
0.894329 -0.029667
0.901407 -0.027926
0.908480 -0.026167
0.915549 -0.024390
0.922614 -0.022594
0.929673 -0.020779
0.936728 -0.018946
0.943778 -0.017095
0.950823 -0.015226
0.957863 -0.013338
0.964899 -0.011432
0.971929 -0.009508
0.978954 -0.007566
0.985975 -0.005605
0.992990 -0.003626
1.000000 -0.001629
