TE_REAL
0.997721 0.003294
0.990617 0.001631
0.983500 0.000023
0.976372 -0.001530
0.969231 -0.003029
0.962079 -0.004472
0.954917 -0.005861
0.947743 -0.007194
0.940560 -0.008471
0.933368 -0.009694
0.926166 -0.010861
0.918955 -0.011973
0.911736 -0.013031
0.904510 -0.014033
0.897276 -0.014981
0.890035 -0.015874
0.882787 -0.016713
0.875534 -0.017499
0.868275 -0.018230
0.861011 -0.018909
0.853742 -0.019535
0.846469 -0.020108
0.839192 -0.020630
0.831911 -0.021100
0.824628 -0.021519
0.817341 -0.021888
0.810052 -0.022206
0.802762 -0.022476
0.795469 -0.022696
0.788176 -0.022869
0.780881 -0.022994
0.773586 -0.023072
0.766290 -0.023104
0.758994 -0.023090
0.751699 -0.023032
0.744404 -0.022929
0.737110 -0.022783
0.729817 -0.022594
0.722525 -0.022364
0.715234 -0.022092
0.707945 -0.021780
0.700658 -0.021428
0.693372 -0.021038
0.686089 -0.020609
0.678809 -0.020143
0.671530 -0.019641
0.664254 -0.019102
0.656981 -0.018529
0.649711 -0.017922
0.642443 -0.017282
0.635178 -0.016609
0.627917 -0.015904
0.620658 -0.015169
0.613403 -0.014403
0.606150 -0.013608
0.598901 -0.012785
0.591655 -0.011934
0.584412 -0.011056
0.577173 -0.010151
0.569936 -0.009222
0.562703 -0.008268
0.555473 -0.007290
0.548246 -0.006289
0.541023 -0.005266
0.533802 -0.004222
0.526584 -0.003156
0.519370 -0.002071
0.512158 -0.000967
0.504949 0.000156
0.497743 0.001297
0.490539 0.002454
0.483338 0.003628
0.476140 0.004818
0.468944 0.006023
0.461751 0.007241
0.454560 0.008473
0.447371 0.009718
0.440184 0.010975
0.432999 0.012244
0.425816 0.013523
0.418635 0.014812
0.411456 0.016111
0.404278 0.017419
0.397101 0.018735
0.389927 0.020059
0.382753 0.021389
0.375581 0.022726
0.368409 0.024068
0.361239 0.025416
0.354069 0.026769
0.346901 0.028125
0.339733 0.029485
0.332565 0.030847
0.325398 0.032213
0.318231 0.033579
0.311065 0.034948
0.303898 0.036317
0.296732 0.037686
0.289566 0.039055
0.282399 0.040423
0.275233 0.041790
0.268066 0.043156
0.260898 0.044519
0.253731 0.045880
0.246562 0.047238
0.239393 0.048592
0.232223 0.049943
0.225053 0.051289
0.217881 0.052631
0.210709 0.053968
0.203536 0.055300
0.196361 0.056626
0.189186 0.057947
0.182010 0.059261
0.174832 0.060569
0.167653 0.061870
0.160473 0.063163
0.153291 0.064450
0.146108 0.065730
0.138924 0.067001
0.131736 0.068265
0.124549 0.069521
0.117360 0.070769
0.110170 0.072009
0.102979 0.073240
0.095786 0.074463
0.088586 0.075635
0.081320 0.076268
0.074027 0.076222
0.066770 0.075495
0.059613 0.074094
0.052616 0.072032
0.045842 0.069327
0.039350 0.066001
0.033195 0.062085
0.027431 0.057611
0.022109 0.052619
0.017274 0.047153
0.012969 0.041259
0.009231 0.034990
0.006093 0.028399
0.003582 0.021544
0.001719 0.014485
0.000522 0.007283
0.000000 0.000000
0.000158 -0.007300
0.000995 -0.014553
0.002502 -0.021696
0.004669 -0.028668
0.007474 -0.035408
0.010894 -0.041856
0.014900 -0.047958
0.019456 -0.053659
0.024523 -0.058911
0.030056 -0.063667
0.036008 -0.067887
0.042327 -0.071533
0.048957 -0.074574
0.055842 -0.076983
0.062920 -0.078739
0.070110 -0.079979
0.077311 -0.081155
0.084517 -0.082300
0.091726 -0.083414
0.098941 -0.084496
0.106161 -0.085547
0.113385 -0.086567
0.120614 -0.087556
0.127847 -0.088514
0.135083 -0.089440
0.142324 -0.090335
0.149568 -0.091200
0.156817 -0.092033
0.164068 -0.092835
0.171323 -0.093606
0.178581 -0.094347
0.185842 -0.095057
0.193106 -0.095736
0.200373 -0.096384
0.207643 -0.097002
0.214915 -0.097589
0.222189 -0.098146
0.229466 -0.098673
0.236745 -0.099169
0.244026 -0.099635
0.251308 -0.100072
0.258593 -0.100478
0.265879 -0.100855
0.273166 -0.101202
0.280455 -0.101519
0.287745 -0.101807
0.295036 -0.102065
0.302328 -0.102294
0.309621 -0.102494
0.316915 -0.102665
0.324209 -0.102807
0.331504 -0.102921
0.338799 -0.103005
0.346095 -0.103062
0.353390 -0.103089
0.360686 -0.103089
0.367982 -0.103060
0.375277 -0.103003
0.382572 -0.102919
0.389867 -0.102806
0.397161 -0.102666
0.404455 -0.102499
0.411748 -0.102304
0.419041 -0.102082
0.426332 -0.101832
0.433622 -0.101556
0.440912 -0.101253
0.448200 -0.100923
0.455487 -0.100566
0.462773 -0.100183
0.470057 -0.099774
0.477340 -0.099338
0.484621 -0.098876
0.491900 -0.098389
0.499178 -0.097875
0.506454 -0.097336
0.513727 -0.096771
0.520999 -0.096180
0.528269 -0.095564
0.535536 -0.094923
0.542802 -0.094257
0.550065 -0.093565
0.557325 -0.092849
0.564583 -0.092108
0.571839 -0.091342
0.579091 -0.090551
0.586342 -0.089736
0.593589 -0.088897
0.600833 -0.088034
0.608075 -0.087146
0.615314 -0.086234
0.622549 -0.085298
0.629782 -0.084338
0.637011 -0.083355
0.644237 -0.082348
0.651459 -0.081317
0.658679 -0.080263
0.665894 -0.079185
0.673107 -0.078084
0.680315 -0.076960
0.687520 -0.075812
0.694722 -0.074642
0.701919 -0.073448
0.709113 -0.072232
0.716303 -0.070993
0.723489 -0.069731
0.730671 -0.068446
0.737849 -0.067138
0.745022 -0.065808
0.752192 -0.064456
0.759357 -0.063081
0.766518 -0.061684
0.773674 -0.060264
0.780826 -0.058822
0.787974 -0.057358
0.795117 -0.055872
0.802255 -0.054364
0.809389 -0.052833
0.816518 -0.051281
0.823642 -0.049706
0.830761 -0.048110
0.837876 -0.046492
0.844985 -0.044852
0.852089 -0.043190
0.859189 -0.041506
0.866283 -0.039801
0.873371 -0.038074
0.880455 -0.036325
0.887533 -0.034554
0.894605 -0.032762
0.901673 -0.030948
0.908734 -0.029113
0.915790 -0.027256
0.922840 -0.025378
0.929885 -0.023478
0.936924 -0.021556
0.943956 -0.019613
0.950983 -0.017648
0.958004 -0.015662
0.965019 -0.013655
0.972027 -0.011626
0.979030 -0.009575
0.986026 -0.007503
0.993017 -0.005409
1.000000 -0.003294
