TE_REAL
0.997158 0.004018
0.990082 0.002277
0.982993 0.000592
0.975891 -0.001039
0.968777 -0.002614
0.961650 -0.004134
0.954512 -0.005597
0.947363 -0.007005
0.940203 -0.008357
0.933032 -0.009653
0.925852 -0.010893
0.918662 -0.012078
0.911464 -0.013207
0.904257 -0.014280
0.897042 -0.015298
0.889819 -0.016261
0.882590 -0.017169
0.875353 -0.018023
0.868111 -0.018822
0.860863 -0.019568
0.853609 -0.020260
0.846351 -0.020898
0.839088 -0.021485
0.831822 -0.022018
0.824551 -0.022501
0.817278 -0.022932
0.810001 -0.023312
0.802723 -0.023642
0.795442 -0.023923
0.788159 -0.024155
0.780875 -0.024338
0.773590 -0.024474
0.766304 -0.024563
0.759018 -0.024606
0.751732 -0.024602
0.744446 -0.024554
0.737160 -0.024462
0.729875 -0.024327
0.722591 -0.024148
0.715308 -0.023928
0.708027 -0.023666
0.700746 -0.023364
0.693468 -0.023022
0.686192 -0.022641
0.678918 -0.022223
0.671646 -0.021766
0.664376 -0.021274
0.657109 -0.020745
0.649844 -0.020182
0.642583 -0.019584
0.635324 -0.018953
0.628068 -0.018289
0.620814 -0.017594
0.613564 -0.016867
0.606317 -0.016111
0.599073 -0.015325
0.591833 -0.014510
0.584595 -0.013668
0.577361 -0.012799
0.570130 -0.011903
0.562902 -0.010982
0.555677 -0.010036
0.548454 -0.009066
0.541237 -0.008073
0.534021 -0.007058
0.526809 -0.006021
0.519600 -0.004963
0.512393 -0.003885
0.505190 -0.002787
0.497990 -0.001670
0.490792 -0.000536
0.483597 0.000616
0.476405 0.001784
0.469215 0.002968
0.462028 0.004167
0.454843 0.005381
0.447661 0.006609
0.440480 0.007850
0.433302 0.009103
0.426127 0.010369
0.418953 0.011645
0.411781 0.012932
0.404610 0.014229
0.397442 0.015535
0.390275 0.016850
0.383109 0.018173
0.375945 0.019503
0.368782 0.020840
0.361621 0.022184
0.354460 0.023533
0.347301 0.024888
0.340142 0.026247
0.332984 0.027610
0.325827 0.028976
0.318670 0.030346
0.311514 0.031718
0.304358 0.033092
0.297202 0.034468
0.290047 0.035844
0.282892 0.037221
0.275736 0.038598
0.268581 0.039974
0.261426 0.041350
0.254270 0.042724
0.247114 0.044097
0.239957 0.045468
0.232800 0.046836
0.225643 0.048201
0.218485 0.049562
0.211326 0.050920
0.204166 0.052275
0.197006 0.053624
0.189845 0.054970
0.182682 0.056310
0.175519 0.057645
0.168352 0.058975
0.161187 0.060299
0.154020 0.061617
0.146853 0.062929
0.139684 0.064234
0.132514 0.065533
0.125343 0.066825
0.118171 0.068110
0.110997 0.069388
0.103822 0.070660
0.096646 0.071924
0.089469 0.073180
0.082245 0.074117
0.074966 0.074358
0.067697 0.073901
0.060504 0.072751
0.053455 0.070917
0.046612 0.068417
0.040040 0.065274
0.033798 0.061516
0.027943 0.057177
0.022529 0.052298
0.017605 0.046924
0.013217 0.041102
0.009405 0.034887
0.006203 0.028336
0.003641 0.021508
0.001743 0.014466
0.000526 0.007275
0.000000 0.000000
0.000171 -0.007292
0.001038 -0.014534
0.002592 -0.021660
0.004818 -0.028605
0.007698 -0.035304
0.011203 -0.041698
0.015303 -0.047726
0.019960 -0.053335
0.025130 -0.058472
0.030767 -0.063090
0.036820 -0.067148
0.043232 -0.070608
0.049944 -0.073439
0.056896 -0.075614
0.064023 -0.077120
0.071205 -0.078353
0.078392 -0.079554
0.085586 -0.080725
0.092781 -0.081863
0.099982 -0.082970
0.107189 -0.084046
0.114400 -0.085091
0.121616 -0.086104
0.128836 -0.087086
0.136060 -0.088036
0.143288 -0.088955
0.150521 -0.089844
0.157756 -0.090701
0.164996 -0.091526
0.172239 -0.092321
0.179485 -0.093085
0.186734 -0.093818
0.193987 -0.094520
0.201242 -0.095191
0.208500 -0.095832
0.215761 -0.096442
0.223024 -0.097021
0.230290 -0.097570
0.237558 -0.098089
0.244828 -0.098578
0.252100 -0.099036
0.259373 -0.099465
0.266649 -0.099863
0.273926 -0.100232
0.281204 -0.100571
0.288484 -0.100880
0.295765 -0.101160
0.303047 -0.101411
0.310330 -0.101632
0.317614 -0.101824
0.324898 -0.101987
0.332183 -0.102122
0.339469 -0.102227
0.346754 -0.102304
0.354041 -0.102352
0.361327 -0.102373
0.368613 -0.102364
0.375899 -0.102328
0.383185 -0.102264
0.390471 -0.102171
0.397756 -0.102052
0.405041 -0.101904
0.412325 -0.101729
0.419609 -0.101527
0.426891 -0.101297
0.434173 -0.101040
0.441454 -0.100757
0.448734 -0.100446
0.456012 -0.100109
0.463289 -0.099745
0.470565 -0.099355
0.477840 -0.098938
0.485113 -0.098496
0.492384 -0.098027
0.499653 -0.097532
0.506921 -0.097011
0.514187 -0.096465
0.521451 -0.095893
0.528712 -0.095295
0.535972 -0.094673
0.543230 -0.094025
0.550485 -0.093351
0.557738 -0.092653
0.564988 -0.091930
0.572236 -0.091182
0.579481 -0.090409
0.586724 -0.089612
0.593964 -0.088790
0.601201 -0.087944
0.608435 -0.087074
0.615666 -0.086180
0.622895 -0.085261
0.630120 -0.084318
0.637342 -0.083352
0.644561 -0.082362
0.651776 -0.081348
0.658989 -0.080310
0.666197 -0.079249
0.673403 -0.078165
0.680604 -0.077057
0.687803 -0.075926
0.694997 -0.074772
0.702188 -0.073595
0.709375 -0.072394
0.716558 -0.071171
0.723737 -0.069925
0.730912 -0.068656
0.738083 -0.067364
0.745251 -0.066050
0.752413 -0.064713
0.759572 -0.063353
0.766726 -0.061971
0.773876 -0.060566
0.781022 -0.059140
0.788163 -0.057690
0.795299 -0.056219
0.802431 -0.054725
0.809559 -0.053209
0.816681 -0.051671
0.823799 -0.050111
0.830912 -0.048529
0.838020 -0.046925
0.845123 -0.045299
0.852221 -0.043651
0.859314 -0.041981
0.866401 -0.040289
0.873484 -0.038576
0.880561 -0.036840
0.887633 -0.035083
0.894699 -0.033304
0.901760 -0.031503
0.908815 -0.029681
0.915865 -0.027837
0.922909 -0.025971
0.929947 -0.024083
0.936980 -0.022174
0.944006 -0.020244
0.951027 -0.018291
0.958042 -0.016317
0.965050 -0.014321
0.972052 -0.012304
0.979048 -0.010265
0.986038 -0.008205
0.993023 -0.006122
1.000000 -0.004018
