TE_REAL
0.999212 0.001288
0.992061 -0.000061
0.984901 -0.001356
0.977731 -0.002600
0.970553 -0.003790
0.963365 -0.004927
0.956170 -0.006011
0.948967 -0.007043
0.941757 -0.008021
0.934539 -0.008946
0.927315 -0.009819
0.920085 -0.010638
0.912849 -0.011406
0.905608 -0.012120
0.898361 -0.012783
0.891111 -0.013394
0.883856 -0.013954
0.876597 -0.014462
0.869335 -0.014920
0.862070 -0.015327
0.854802 -0.015685
0.847532 -0.015993
0.840260 -0.016252
0.832987 -0.016463
0.825712 -0.016625
0.818437 -0.016741
0.811160 -0.016810
0.803884 -0.016833
0.796607 -0.016811
0.789331 -0.016745
0.782056 -0.016634
0.774781 -0.016480
0.767507 -0.016284
0.760234 -0.016046
0.752963 -0.015766
0.745694 -0.015447
0.738426 -0.015089
0.731160 -0.014692
0.723897 -0.014257
0.716636 -0.013785
0.709377 -0.013278
0.702121 -0.012735
0.694867 -0.012158
0.687616 -0.011547
0.680368 -0.010904
0.673123 -0.010229
0.665881 -0.009523
0.658641 -0.008787
0.651405 -0.008023
0.644172 -0.007230
0.636942 -0.006410
0.629715 -0.005563
0.622491 -0.004691
0.615270 -0.003794
0.608052 -0.002874
0.600836 -0.001931
0.593624 -0.000966
0.586415 0.000020
0.579208 0.001026
0.572004 0.002052
0.564803 0.003096
0.557604 0.004157
0.550408 0.005235
0.543214 0.006328
0.536022 0.007437
0.528833 0.008560
0.521645 0.009695
0.514460 0.010843
0.507276 0.012003
0.500095 0.013173
0.492914 0.014353
0.485735 0.015542
0.478558 0.016739
0.471382 0.017943
0.464207 0.019154
0.457032 0.020370
0.449859 0.021591
0.442686 0.022817
0.435514 0.024045
0.428343 0.025276
0.421171 0.026509
0.414000 0.027743
0.406829 0.028977
0.399657 0.030210
0.392486 0.031442
0.385314 0.032672
0.378142 0.033899
0.370969 0.035123
0.363795 0.036342
0.356621 0.037557
0.349445 0.038766
0.342269 0.039968
0.335091 0.041163
0.327912 0.042351
0.320732 0.043531
0.313550 0.044701
0.306366 0.045862
0.299181 0.047012
0.291995 0.048152
0.284806 0.049280
0.277616 0.050396
0.270423 0.051499
0.263229 0.052589
0.256032 0.053665
0.248834 0.054727
0.241633 0.055773
0.234430 0.056805
0.227224 0.057820
0.220017 0.058819
0.212807 0.059802
0.205595 0.060767
0.198380 0.061714
0.191163 0.062643
0.183944 0.063553
0.176722 0.064444
0.169498 0.065317
0.162271 0.066169
0.155043 0.067001
0.147812 0.067814
0.140578 0.068605
0.133343 0.069376
0.126105 0.070126
0.118865 0.070854
0.111623 0.071562
0.104379 0.072247
0.097133 0.072911
0.089884 0.073553
0.082633 0.074161
0.075360 0.074299
0.068107 0.073755
0.060936 0.072534
0.053911 0.070647
0.047094 0.068110
0.040543 0.064945
0.034318 0.061181
0.028473 0.056850
0.023059 0.051991
0.018123 0.046646
0.013709 0.040862
0.009856 0.034690
0.006598 0.028185
0.003963 0.021402
0.001974 0.014403
0.000649 0.007248
0.000000 0.000000
0.000032 -0.007277
0.000745 -0.014518
0.002132 -0.021661
0.004183 -0.028643
0.006877 -0.035402
0.010192 -0.041879
0.014100 -0.048017
0.018564 -0.053762
0.023546 -0.059063
0.029003 -0.063875
0.034886 -0.068154
0.041144 -0.071863
0.047722 -0.074970
0.054561 -0.077447
0.061603 -0.079272
0.068784 -0.080430
0.076032 -0.081070
0.083285 -0.081659
0.090539 -0.082227
0.097795 -0.082774
0.105052 -0.083301
0.112311 -0.083807
0.119571 -0.084292
0.126833 -0.084757
0.134096 -0.085201
0.141360 -0.085624
0.148625 -0.086027
0.155892 -0.086409
0.163159 -0.086771
0.170428 -0.087111
0.177697 -0.087432
0.184968 -0.087732
0.192239 -0.088011
0.199511 -0.088270
0.206783 -0.088509
0.214057 -0.088727
0.221330 -0.088925
0.228605 -0.089103
0.235879 -0.089261
0.243155 -0.089398
0.250430 -0.089515
0.257706 -0.089612
0.264982 -0.089689
0.272258 -0.089746
0.279535 -0.089783
0.286811 -0.089799
0.294088 -0.089796
0.301364 -0.089774
0.308641 -0.089731
0.315917 -0.089669
0.323193 -0.089587
0.330469 -0.089485
0.337744 -0.089364
0.345019 -0.089223
0.352294 -0.089063
0.359568 -0.088883
0.366842 -0.088684
0.374115 -0.088466
0.381388 -0.088229
0.388660 -0.087972
0.395931 -0.087696
0.403202 -0.087401
0.410471 -0.087087
0.417740 -0.086754
0.425008 -0.086402
0.432275 -0.086031
0.439541 -0.085642
0.446806 -0.085233
0.454070 -0.084806
0.461333 -0.084361
0.468595 -0.083896
0.475855 -0.083414
0.483115 -0.082912
0.490373 -0.082393
0.497629 -0.081855
0.504884 -0.081299
0.512138 -0.080724
0.519391 -0.080131
0.526641 -0.079520
0.533891 -0.078892
0.541138 -0.078245
0.548384 -0.077580
0.555629 -0.076897
0.562872 -0.076196
0.570113 -0.075477
0.577352 -0.074741
0.584589 -0.073987
0.591825 -0.073215
0.599058 -0.072426
0.606290 -0.071619
0.613520 -0.070795
0.620747 -0.069953
0.627973 -0.069094
0.635196 -0.068217
0.642418 -0.067323
0.649637 -0.066411
0.656854 -0.065483
0.664069 -0.064537
0.671281 -0.063574
0.678492 -0.062594
0.685700 -0.061597
0.692905 -0.060583
0.700108 -0.059552
0.707309 -0.058504
0.714507 -0.057438
0.721703 -0.056357
0.728896 -0.055258
0.736086 -0.054142
0.743274 -0.053010
0.750460 -0.051861
0.757642 -0.050695
0.764822 -0.049512
0.771999 -0.048313
0.779173 -0.047097
0.786345 -0.045865
0.793513 -0.044616
0.800679 -0.043351
0.807842 -0.042069
0.815002 -0.040770
0.822158 -0.039455
0.829312 -0.038124
0.836463 -0.036776
0.843610 -0.035412
0.850755 -0.034032
0.857896 -0.032635
0.865034 -0.031222
0.872169 -0.029792
0.879301 -0.028346
0.886429 -0.026884
0.893554 -0.025406
0.900675 -0.023911
0.907793 -0.022400
0.914908 -0.020873
0.922019 -0.019330
0.929126 -0.017771
0.936230 -0.016195
0.943331 -0.014603
0.950428 -0.012995
0.957521 -0.011371
0.964610 -0.009731
0.971696 -0.008075
0.978777 -0.006402
0.985855 -0.004713
0.992930 -0.003009
1.000000 -0.001288
