TE_REAL
0.998956 0.001575
0.991832 0.000053
0.984696 -0.001418
0.977551 -0.002838
0.970396 -0.004209
0.963231 -0.005528
0.956057 -0.006798
0.948874 -0.008016
0.941683 -0.009184
0.934484 -0.010302
0.927277 -0.011369
0.920063 -0.012385
0.912842 -0.013352
0.905615 -0.014268
0.898381 -0.015134
0.891142 -0.015950
0.883897 -0.016717
0.876647 -0.017435
0.869393 -0.018104
0.862134 -0.018724
0.854871 -0.019296
0.847605 -0.019820
0.840335 -0.020296
0.833063 -0.020725
0.825788 -0.021108
0.818510 -0.021444
0.811231 -0.021735
0.803950 -0.021980
0.796667 -0.022181
0.789384 -0.022337
0.782099 -0.022450
0.774814 -0.022520
0.767529 -0.022547
0.760244 -0.022532
0.752959 -0.022476
0.745674 -0.022379
0.738390 -0.022243
0.731107 -0.022066
0.723825 -0.021851
0.716545 -0.021598
0.709265 -0.021308
0.701987 -0.020980
0.694711 -0.020617
0.687437 -0.020218
0.680164 -0.019784
0.672894 -0.019316
0.665626 -0.018815
0.658361 -0.018282
0.651097 -0.017716
0.643837 -0.017120
0.636578 -0.016492
0.629323 -0.015835
0.622070 -0.015149
0.614820 -0.014434
0.607573 -0.013692
0.600328 -0.012923
0.593086 -0.012127
0.585847 -0.011306
0.578611 -0.010461
0.571378 -0.009590
0.564148 -0.008697
0.556921 -0.007781
0.549696 -0.006842
0.542474 -0.005883
0.535255 -0.004902
0.528039 -0.003902
0.520825 -0.002882
0.513614 -0.001843
0.506406 -0.000787
0.499200 0.000287
0.491997 0.001378
0.484796 0.002485
0.477598 0.003607
0.470402 0.004744
0.463208 0.005895
0.456017 0.007059
0.448827 0.008237
0.441639 0.009426
0.434454 0.010628
0.427270 0.011840
0.420088 0.013063
0.412908 0.014296
0.405729 0.015538
0.398552 0.016789
0.391376 0.018048
0.384202 0.019315
0.377029 0.020588
0.369857 0.021869
0.362686 0.023155
0.355516 0.024447
0.348347 0.025743
0.341179 0.027044
0.334012 0.028349
0.326845 0.029658
0.319678 0.030969
0.312513 0.032283
0.305347 0.033599
0.298182 0.034916
0.291017 0.036235
0.283852 0.037554
0.276687 0.038873
0.269522 0.040192
0.262357 0.041511
0.255192 0.042828
0.248027 0.044144
0.240861 0.045459
0.233694 0.046771
0.226527 0.048081
0.219360 0.049388
0.212192 0.050692
0.205024 0.051992
0.197855 0.053289
0.190685 0.054581
0.183515 0.055870
0.176343 0.057153
0.169171 0.058432
0.161998 0.059706
0.154824 0.060975
0.147649 0.062238
0.140473 0.063495
0.133296 0.064747
0.126118 0.065993
0.118939 0.067232
0.111759 0.068466
0.104578 0.069693
0.097395 0.070914
0.090212 0.072129
0.082998 0.073132
0.075723 0.073458
0.068450 0.073086
0.061246 0.072019
0.054177 0.070267
0.047308 0.067847
0.040703 0.064780
0.034421 0.061094
0.028520 0.056824
0.023055 0.052008
0.018075 0.046692
0.013627 0.040923
0.009751 0.034754
0.006483 0.028243
0.003853 0.021448
0.001885 0.014433
0.000596 0.007262
0.000000 0.000000
0.000101 -0.007286
0.000898 -0.014528
0.002385 -0.021661
0.004547 -0.028619
0.007364 -0.035337
0.010811 -0.041756
0.014856 -0.047814
0.019463 -0.053458
0.024588 -0.058635
0.030184 -0.063297
0.036201 -0.067402
0.042583 -0.070912
0.049271 -0.073794
0.056204 -0.076023
0.063319 -0.077578
0.070505 -0.078772
0.077698 -0.079932
0.084896 -0.081059
0.092099 -0.082152
0.099306 -0.083212
0.106519 -0.084238
0.113736 -0.085232
0.120958 -0.086192
0.128184 -0.087118
0.135414 -0.088012
0.142649 -0.088872
0.149887 -0.089699
0.157129 -0.090493
0.164374 -0.091254
0.171623 -0.091982
0.178875 -0.092677
0.186130 -0.093339
0.193388 -0.093969
0.200649 -0.094567
0.207912 -0.095132
0.215178 -0.095664
0.222446 -0.096165
0.229716 -0.096633
0.236988 -0.097070
0.244262 -0.097475
0.251538 -0.097848
0.258815 -0.098190
0.266093 -0.098501
0.273373 -0.098781
0.280654 -0.099029
0.287936 -0.099247
0.295219 -0.099435
0.302503 -0.099592
0.309787 -0.099719
0.317071 -0.099815
0.324356 -0.099883
0.331641 -0.099920
0.338927 -0.099928
0.346212 -0.099907
0.353497 -0.099857
0.360782 -0.099778
0.368066 -0.099670
0.375350 -0.099534
0.382633 -0.099370
0.389916 -0.099178
0.397198 -0.098958
0.404479 -0.098711
0.411759 -0.098436
0.419038 -0.098135
0.426316 -0.097806
0.433592 -0.097451
0.440868 -0.097069
0.448141 -0.096661
0.455414 -0.096227
0.462684 -0.095768
0.469953 -0.095282
0.477221 -0.094772
0.484486 -0.094236
0.491750 -0.093675
0.499012 -0.093090
0.506271 -0.092480
0.513529 -0.091846
0.520784 -0.091188
0.528038 -0.090506
0.535289 -0.089800
0.542537 -0.089071
0.549784 -0.088319
0.557028 -0.087544
0.564269 -0.086746
0.571508 -0.085925
0.578744 -0.085082
0.585978 -0.084217
0.593209 -0.083330
0.600437 -0.082421
0.607663 -0.081491
0.614886 -0.080539
0.622106 -0.079566
0.629323 -0.078571
0.636537 -0.077556
0.643748 -0.076521
0.650957 -0.075465
0.658162 -0.074388
0.665364 -0.073292
0.672564 -0.072175
0.679760 -0.071039
0.686953 -0.069883
0.694143 -0.068708
0.701329 -0.067513
0.708513 -0.066299
0.715693 -0.065067
0.722870 -0.063815
0.730044 -0.062545
0.737214 -0.061256
0.744381 -0.059949
0.751545 -0.058624
0.758705 -0.057281
0.765862 -0.055919
0.773016 -0.054540
0.780166 -0.053143
0.787313 -0.051729
0.794456 -0.050297
0.801596 -0.048848
0.808732 -0.047381
0.815865 -0.045898
0.822994 -0.044397
0.830119 -0.042879
0.837241 -0.041345
0.844361 -0.039794
0.851475 -0.038226
0.858586 -0.036642
0.865694 -0.035041
0.872797 -0.033424
0.879897 -0.031790
0.886994 -0.030141
0.894086 -0.028475
0.901175 -0.026793
0.908259 -0.025095
0.915340 -0.023380
0.922417 -0.021650
0.929490 -0.019904
0.936560 -0.018142
0.943625 -0.016365
0.950686 -0.014571
0.957743 -0.012762
0.964796 -0.010937
0.971845 -0.009096
0.978890 -0.007239
0.985931 -0.005367
0.992968 -0.003478
1.000000 -0.001575
