TE_REAL
0.999270 0.001483
0.992085 0.000463
0.984894 -0.000514
0.977696 -0.001447
0.970493 -0.002337
0.963285 -0.003183
0.956072 -0.003984
0.948855 -0.004742
0.941632 -0.005457
0.934406 -0.006128
0.927176 -0.006755
0.919942 -0.007339
0.912704 -0.007880
0.905464 -0.008377
0.898221 -0.008833
0.890975 -0.009245
0.883727 -0.009616
0.876477 -0.009944
0.869225 -0.010231
0.861972 -0.010477
0.854718 -0.010682
0.847462 -0.010846
0.840206 -0.010971
0.832949 -0.011055
0.825691 -0.011101
0.818434 -0.011108
0.811177 -0.011077
0.803919 -0.011008
0.796663 -0.010902
0.789407 -0.010759
0.782151 -0.010581
0.774897 -0.010367
0.767644 -0.010118
0.760392 -0.009835
0.753141 -0.009518
0.745892 -0.009168
0.738645 -0.008786
0.731399 -0.008372
0.724156 -0.007928
0.716914 -0.007453
0.709674 -0.006948
0.702436 -0.006414
0.695200 -0.005852
0.687967 -0.005262
0.680736 -0.004645
0.673507 -0.004002
0.666280 -0.003334
0.659056 -0.002641
0.651834 -0.001924
0.644614 -0.001183
0.637397 -0.000420
0.630182 0.000365
0.622969 0.001171
0.615759 0.001997
0.608551 0.002843
0.601345 0.003708
0.594142 0.004591
0.586940 0.005492
0.579741 0.006409
0.572544 0.007342
0.565348 0.008290
0.558155 0.009253
0.550964 0.010230
0.543774 0.011219
0.536586 0.012221
0.529400 0.013235
0.522215 0.014259
0.515031 0.015294
0.507849 0.016338
0.500668 0.017390
0.493489 0.018451
0.486310 0.019519
0.479133 0.020593
0.471956 0.021674
0.464780 0.022759
0.457605 0.023849
0.450430 0.024943
0.443256 0.026040
0.436083 0.027139
0.428909 0.028240
0.421736 0.029343
0.414562 0.030445
0.407389 0.031548
0.400216 0.032650
0.393042 0.033750
0.385868 0.034848
0.378694 0.035943
0.371519 0.037035
0.364343 0.038123
0.357167 0.039207
0.349990 0.040285
0.342812 0.041357
0.335634 0.042423
0.328454 0.043482
0.321273 0.044534
0.314091 0.045578
0.306907 0.046613
0.299723 0.047638
0.292537 0.048654
0.285349 0.049660
0.278160 0.050655
0.270970 0.051639
0.263778 0.052612
0.256584 0.053572
0.249389 0.054519
0.242192 0.055454
0.234993 0.056374
0.227792 0.057281
0.220590 0.058174
0.213386 0.059052
0.206180 0.059914
0.198972 0.060762
0.191762 0.061593
0.184550 0.062408
0.177337 0.063207
0.170122 0.063989
0.162905 0.064753
0.155686 0.065501
0.148465 0.066231
0.141243 0.066942
0.134018 0.067636
0.126792 0.068312
0.119565 0.068969
0.112335 0.069608
0.105105 0.070228
0.097872 0.070829
0.090638 0.071411
0.083402 0.071975
0.076156 0.072355
0.068907 0.072069
0.061719 0.071089
0.054658 0.069424
0.047789 0.067090
0.041175 0.064107
0.034878 0.060504
0.028955 0.056314
0.023461 0.051574
0.018446 0.046330
0.013957 0.040628
0.010036 0.034523
0.006718 0.028069
0.004033 0.021327
0.002007 0.014358
0.000659 0.007227
0.000000 0.000000
0.000037 -0.007257
0.000769 -0.014477
0.002190 -0.021594
0.004287 -0.028542
0.007040 -0.035256
0.010423 -0.041676
0.014407 -0.047741
0.018953 -0.053397
0.024021 -0.058590
0.029563 -0.063273
0.035528 -0.067403
0.041862 -0.070942
0.048505 -0.073857
0.055398 -0.076122
0.062476 -0.077715
0.069674 -0.078621
0.076911 -0.079158
0.084150 -0.079673
0.091391 -0.080165
0.098633 -0.080634
0.105877 -0.081080
0.113122 -0.081504
0.120369 -0.081905
0.127616 -0.082283
0.134865 -0.082639
0.142115 -0.082973
0.149365 -0.083284
0.156617 -0.083572
0.163870 -0.083838
0.171123 -0.084082
0.178377 -0.084303
0.185632 -0.084503
0.192887 -0.084680
0.200143 -0.084835
0.207399 -0.084969
0.214656 -0.085081
0.221913 -0.085170
0.229170 -0.085239
0.236427 -0.085286
0.243685 -0.085311
0.250942 -0.085315
0.258199 -0.085299
0.265457 -0.085261
0.272714 -0.085202
0.279971 -0.085123
0.287228 -0.085023
0.294484 -0.084902
0.301740 -0.084761
0.308996 -0.084600
0.316251 -0.084419
0.323506 -0.084218
0.330760 -0.083998
0.338014 -0.083758
0.345266 -0.083498
0.352518 -0.083220
0.359770 -0.082922
0.367020 -0.082605
0.374270 -0.082270
0.381519 -0.081916
0.388767 -0.081544
0.396014 -0.081154
0.403260 -0.080745
0.410505 -0.080319
0.417749 -0.079875
0.424991 -0.079414
0.432233 -0.078936
0.439474 -0.078440
0.446713 -0.077927
0.453951 -0.077398
0.461188 -0.076852
0.468424 -0.076290
0.475658 -0.075712
0.482891 -0.075117
0.490123 -0.074507
0.497353 -0.073882
0.504582 -0.073241
0.511810 -0.072584
0.519037 -0.071913
0.526262 -0.071227
0.533485 -0.070526
0.540707 -0.069811
0.547928 -0.069081
0.555147 -0.068338
0.562365 -0.067580
0.569581 -0.066809
0.576796 -0.066024
0.584010 -0.065226
0.591222 -0.064415
0.598432 -0.063590
0.605642 -0.062753
0.612849 -0.061904
0.620055 -0.061042
0.627260 -0.060167
0.634463 -0.059281
0.641665 -0.058383
0.648865 -0.057473
0.656064 -0.056551
0.663261 -0.055618
0.670457 -0.054674
0.677651 -0.053718
0.684844 -0.052752
0.692035 -0.051775
0.699225 -0.050788
0.706414 -0.049790
0.713601 -0.048782
0.720787 -0.047764
0.727971 -0.046735
0.735154 -0.045697
0.742336 -0.044650
0.749516 -0.043593
0.756694 -0.042526
0.763872 -0.041450
0.771048 -0.040365
0.778222 -0.039272
0.785396 -0.038169
0.792568 -0.037058
0.799738 -0.035938
0.806907 -0.034809
0.814075 -0.033672
0.821242 -0.032528
0.828407 -0.031374
0.835571 -0.030213
0.842734 -0.029044
0.849896 -0.027867
0.857056 -0.026683
0.864215 -0.025491
0.871372 -0.024291
0.878529 -0.023084
0.885684 -0.021869
0.892838 -0.020647
0.899991 -0.019418
0.907142 -0.018182
0.914292 -0.016939
0.921441 -0.015689
0.928589 -0.014431
0.935736 -0.013167
0.942881 -0.011896
0.950025 -0.010618
0.957168 -0.009333
0.964310 -0.008042
0.971450 -0.006743
0.978590 -0.005438
0.985728 -0.004127
0.992864 -0.002808
1.000000 -0.001483
