TE_REAL
0.998526 0.002368
0.991455 0.000920
0.984374 -0.000479
0.977283 -0.001828
0.970184 -0.003127
0.963075 -0.004376
0.955958 -0.005575
0.948832 -0.006724
0.941698 -0.007823
0.934557 -0.008872
0.927409 -0.009871
0.920254 -0.010820
0.913093 -0.011719
0.905926 -0.012568
0.898753 -0.013369
0.891574 -0.014120
0.884391 -0.014822
0.877203 -0.015476
0.870011 -0.016082
0.862815 -0.016640
0.855616 -0.017150
0.848413 -0.017613
0.841207 -0.018030
0.833999 -0.018400
0.826789 -0.018725
0.819577 -0.019004
0.812363 -0.019239
0.805148 -0.019430
0.797932 -0.019577
0.790716 -0.019682
0.783498 -0.019744
0.776281 -0.019764
0.769064 -0.019743
0.761846 -0.019682
0.754629 -0.019582
0.747413 -0.019442
0.740198 -0.019264
0.732984 -0.019048
0.725771 -0.018796
0.718559 -0.018507
0.711349 -0.018183
0.704140 -0.017824
0.696933 -0.017432
0.689728 -0.017006
0.682525 -0.016548
0.675324 -0.016059
0.668126 -0.015539
0.660929 -0.014989
0.653735 -0.014410
0.646543 -0.013802
0.639353 -0.013167
0.632166 -0.012505
0.624981 -0.011817
0.617799 -0.011104
0.610619 -0.010367
0.603442 -0.009606
0.596267 -0.008822
0.589095 -0.008017
0.581925 -0.007190
0.574757 -0.006343
0.567592 -0.005477
0.560428 -0.004591
0.553268 -0.003688
0.546109 -0.002768
0.538952 -0.001831
0.531798 -0.000879
0.524645 0.000088
0.517495 0.001069
0.510346 0.002064
0.503199 0.003071
0.496054 0.004089
0.488910 0.005119
0.481767 0.006159
0.474627 0.007208
0.467487 0.008266
0.460348 0.009332
0.453211 0.010405
0.446075 0.011485
0.438939 0.012571
0.431804 0.013661
0.424670 0.014756
0.417537 0.015855
0.410404 0.016957
0.403271 0.018061
0.396138 0.019166
0.389006 0.020273
0.381874 0.021379
0.374742 0.022486
0.367609 0.023591
0.360476 0.024694
0.353343 0.025796
0.346210 0.026894
0.339075 0.027988
0.331941 0.029079
0.324805 0.030164
0.317669 0.031244
0.310532 0.032318
0.303393 0.033385
0.296254 0.034445
0.289113 0.035498
0.281972 0.036542
0.274829 0.037577
0.267684 0.038602
0.260539 0.039618
0.253392 0.040624
0.246243 0.041618
0.239092 0.042601
0.231940 0.043572
0.224787 0.044531
0.217632 0.045477
0.210475 0.046410
0.203316 0.047329
0.196155 0.048234
0.188993 0.049124
0.181828 0.050000
0.174662 0.050860
0.167494 0.051705
0.160325 0.052534
0.153153 0.053347
0.145979 0.054143
0.138804 0.054923
0.131627 0.055686
0.124448 0.056431
0.117267 0.057159
0.110085 0.057869
0.102900 0.058561
0.095714 0.059236
0.088527 0.059892
0.081338 0.060530
0.074146 0.061150
0.066949 0.061693
0.059737 0.061575
0.052582 0.060652
0.045576 0.058935
0.038805 0.056444
0.032354 0.053212
0.026305 0.049279
0.020733 0.044694
0.015709 0.039514
0.011294 0.033805
0.007544 0.027638
0.004506 0.021090
0.002219 0.014243
0.000711 0.007184
0.000000 0.000000
0.000096 -0.007218
0.000998 -0.014381
0.002694 -0.021398
0.005163 -0.028181
0.008373 -0.034645
0.012286 -0.040710
0.016852 -0.046299
0.022013 -0.051343
0.027705 -0.055778
0.033856 -0.059549
0.040390 -0.062608
0.047225 -0.064916
0.054275 -0.066447
0.061449 -0.067223
0.068642 -0.067811
0.075837 -0.068386
0.083032 -0.068947
0.090229 -0.069495
0.097427 -0.070029
0.104625 -0.070549
0.111825 -0.071056
0.119026 -0.071550
0.126227 -0.072029
0.133430 -0.072496
0.140633 -0.072948
0.147837 -0.073387
0.155042 -0.073812
0.162248 -0.074224
0.169455 -0.074622
0.176662 -0.075006
0.183870 -0.075376
0.191079 -0.075732
0.198288 -0.076074
0.205498 -0.076403
0.212709 -0.076717
0.219920 -0.077017
0.227132 -0.077303
0.234344 -0.077575
0.241557 -0.077833
0.248771 -0.078076
0.255985 -0.078305
0.263199 -0.078519
0.270414 -0.078719
0.277629 -0.078904
0.284844 -0.079074
0.292060 -0.079230
0.299276 -0.079371
0.306493 -0.079496
0.313709 -0.079607
0.320926 -0.079702
0.328143 -0.079783
0.335361 -0.079847
0.342578 -0.079897
0.349795 -0.079931
0.357013 -0.079949
0.364230 -0.079951
0.371448 -0.079938
0.378665 -0.079909
0.385883 -0.079863
0.393100 -0.079802
0.400317 -0.079724
0.407534 -0.079630
0.414750 -0.079519
0.421967 -0.079392
0.429183 -0.079248
0.436399 -0.079087
0.443614 -0.078909
0.450829 -0.078714
0.458043 -0.078501
0.465257 -0.078272
0.472470 -0.078024
0.479683 -0.077760
0.486895 -0.077477
0.494106 -0.077177
0.501317 -0.076859
0.508526 -0.076522
0.515735 -0.076167
0.522943 -0.075794
0.530150 -0.075403
0.537356 -0.074992
0.544561 -0.074563
0.551764 -0.074116
0.558967 -0.073649
0.566168 -0.073162
0.573368 -0.072657
0.580566 -0.072132
0.587763 -0.071587
0.594958 -0.071023
0.602152 -0.070439
0.609344 -0.069835
0.616535 -0.069211
0.623724 -0.068566
0.630910 -0.067902
0.638095 -0.067216
0.645278 -0.066510
0.652459 -0.065783
0.659638 -0.065036
0.666814 -0.064267
0.673989 -0.063477
0.681160 -0.062666
0.688330 -0.061833
0.695497 -0.060978
0.702661 -0.060102
0.709822 -0.059205
0.716981 -0.058285
0.724137 -0.057343
0.731290 -0.056379
0.738440 -0.055393
0.745587 -0.054384
0.752730 -0.053353
0.759870 -0.052299
0.767007 -0.051222
0.774141 -0.050123
0.781270 -0.049000
0.788397 -0.047854
0.795519 -0.046686
0.802638 -0.045494
0.809752 -0.044278
0.816863 -0.043039
0.823969 -0.041777
0.831071 -0.040491
0.838169 -0.039181
0.845263 -0.037847
0.852351 -0.036490
0.859436 -0.035108
0.866515 -0.033703
0.873590 -0.032273
0.880660 -0.030819
0.887725 -0.029341
0.894784 -0.027839
0.901839 -0.026312
0.908888 -0.024762
0.915932 -0.023186
0.922970 -0.021586
0.930003 -0.019962
0.937029 -0.018313
0.944051 -0.016640
0.951066 -0.014942
0.958075 -0.013219
0.965078 -0.011472
0.972075 -0.009701
0.979066 -0.007904
0.986051 -0.006084
0.993029 -0.004238
1.000000 -0.002368
