TE_REAL
0.998880 0.001777
0.991761 0.000281
0.984633 -0.001165
0.977495 -0.002562
0.970347 -0.003910
0.963190 -0.005209
0.956025 -0.006459
0.948851 -0.007660
0.941669 -0.008811
0.934479 -0.009913
0.927283 -0.010966
0.920079 -0.011970
0.912868 -0.012925
0.905651 -0.013831
0.898428 -0.014689
0.891200 -0.015498
0.883966 -0.016259
0.876728 -0.016972
0.869485 -0.017638
0.862237 -0.018256
0.854986 -0.018827
0.847732 -0.019351
0.840474 -0.019830
0.833213 -0.020262
0.825950 -0.020649
0.818685 -0.020991
0.811417 -0.021288
0.804148 -0.021542
0.796877 -0.021752
0.789606 -0.021918
0.782333 -0.022042
0.775060 -0.022124
0.767787 -0.022165
0.760513 -0.022165
0.753240 -0.022124
0.745967 -0.022044
0.738694 -0.021925
0.731423 -0.021767
0.724152 -0.021571
0.716882 -0.021338
0.709613 -0.021069
0.702346 -0.020763
0.695081 -0.020422
0.687817 -0.020047
0.680555 -0.019637
0.673295 -0.019195
0.666037 -0.018719
0.658781 -0.018212
0.651528 -0.017673
0.644276 -0.017104
0.637027 -0.016505
0.629781 -0.015877
0.622537 -0.015220
0.615296 -0.014535
0.608057 -0.013823
0.600821 -0.013085
0.593588 -0.012321
0.586358 -0.011532
0.579130 -0.010718
0.571904 -0.009880
0.564682 -0.009020
0.557462 -0.008137
0.550245 -0.007232
0.543031 -0.006306
0.535819 -0.005359
0.528610 -0.004393
0.521403 -0.003408
0.514199 -0.002404
0.506998 -0.001383
0.499799 -0.000344
0.492602 0.000711
0.485408 0.001782
0.478216 0.002869
0.471026 0.003970
0.463838 0.005085
0.456653 0.006214
0.449469 0.007355
0.442288 0.008509
0.435108 0.009674
0.427930 0.010851
0.420754 0.012037
0.413579 0.013234
0.406407 0.014440
0.399235 0.015655
0.392065 0.016879
0.384896 0.018109
0.377729 0.019347
0.370563 0.020592
0.363397 0.021843
0.356233 0.023099
0.349070 0.024361
0.341907 0.025627
0.334745 0.026897
0.327584 0.028170
0.320423 0.029447
0.313263 0.030727
0.306103 0.032008
0.298944 0.033292
0.291785 0.034577
0.284625 0.035862
0.277466 0.037148
0.270308 0.038435
0.263148 0.039720
0.255989 0.041006
0.248830 0.042290
0.241670 0.043572
0.234510 0.044853
0.227350 0.046131
0.220189 0.047407
0.213028 0.048680
0.205866 0.049950
0.198704 0.051217
0.191540 0.052480
0.184377 0.053739
0.177211 0.054994
0.170045 0.056244
0.162879 0.057489
0.155712 0.058730
0.148544 0.059965
0.141375 0.061195
0.134205 0.062420
0.127035 0.063639
0.119863 0.064852
0.112690 0.066059
0.105516 0.067261
0.098342 0.068456
0.091166 0.069645
0.083984 0.070797
0.076740 0.071410
0.069470 0.071311
0.062244 0.070501
0.055133 0.068986
0.048204 0.066782
0.041524 0.063910
0.035158 0.060397
0.029165 0.056277
0.023605 0.051589
0.018530 0.046380
0.013990 0.040699
0.010027 0.034599
0.006680 0.028141
0.003981 0.021386
0.001956 0.014399
0.000625 0.007248
0.000000 0.000000
0.000087 -0.007274
0.000886 -0.014505
0.002389 -0.021622
0.004580 -0.028559
0.007441 -0.035247
0.010942 -0.041623
0.015050 -0.047625
0.019725 -0.053196
0.024924 -0.058282
0.030595 -0.062834
0.036684 -0.066809
0.043133 -0.070168
0.049880 -0.072879
0.056860 -0.074916
0.064002 -0.076283
0.071182 -0.077440
0.078369 -0.078563
0.085561 -0.079652
0.092757 -0.080708
0.099959 -0.081731
0.107165 -0.082721
0.114375 -0.083677
0.121590 -0.084599
0.128809 -0.085489
0.136032 -0.086345
0.143259 -0.087167
0.150489 -0.087957
0.157724 -0.088714
0.164961 -0.089438
0.172202 -0.090128
0.179445 -0.090786
0.186692 -0.091412
0.193941 -0.092004
0.201193 -0.092565
0.208448 -0.093093
0.215704 -0.093588
0.222963 -0.094052
0.230224 -0.094484
0.237486 -0.094884
0.244750 -0.095253
0.252017 -0.095590
0.259283 -0.095896
0.266552 -0.096171
0.273821 -0.096415
0.281091 -0.096629
0.288363 -0.096812
0.295634 -0.096965
0.302907 -0.097088
0.310180 -0.097181
0.317453 -0.097244
0.324727 -0.097278
0.332000 -0.097283
0.339274 -0.097258
0.346547 -0.097205
0.353820 -0.097124
0.361093 -0.097014
0.368365 -0.096877
0.375637 -0.096711
0.382907 -0.096518
0.390178 -0.096297
0.397447 -0.096050
0.404715 -0.095776
0.411983 -0.095475
0.419249 -0.095147
0.426514 -0.094794
0.433777 -0.094415
0.441040 -0.094010
0.448300 -0.093580
0.455560 -0.093124
0.462817 -0.092644
0.470073 -0.092139
0.477328 -0.091610
0.484580 -0.091057
0.491831 -0.090480
0.499079 -0.089880
0.506326 -0.089255
0.513571 -0.088608
0.520814 -0.087938
0.528054 -0.087246
0.535292 -0.086531
0.542529 -0.085794
0.549762 -0.085035
0.556994 -0.084254
0.564223 -0.083452
0.571450 -0.082629
0.578674 -0.081784
0.585896 -0.080919
0.593116 -0.080034
0.600333 -0.079128
0.607547 -0.078202
0.614759 -0.077257
0.621968 -0.076292
0.629175 -0.075307
0.636379 -0.074304
0.643580 -0.073281
0.650779 -0.072240
0.657975 -0.071180
0.665168 -0.070102
0.672359 -0.069006
0.679547 -0.067892
0.686732 -0.066760
0.693914 -0.065610
0.701093 -0.064444
0.708270 -0.063260
0.715444 -0.062059
0.722615 -0.060842
0.729783 -0.059608
0.736948 -0.058357
0.744111 -0.057090
0.751270 -0.055808
0.758427 -0.054509
0.765581 -0.053194
0.772732 -0.051864
0.779880 -0.050519
0.787025 -0.049158
0.794167 -0.047782
0.801307 -0.046391
0.808443 -0.044985
0.815577 -0.043564
0.822707 -0.042129
0.829835 -0.040679
0.836960 -0.039215
0.844082 -0.037737
0.851201 -0.036245
0.858317 -0.034738
0.865429 -0.033217
0.872539 -0.031683
0.879646 -0.030135
0.886751 -0.028573
0.893852 -0.026998
0.900950 -0.025409
0.908045 -0.023807
0.915137 -0.022191
0.922226 -0.020562
0.929311 -0.018920
0.936394 -0.017265
0.943474 -0.015596
0.950551 -0.013914
0.957624 -0.012219
0.964695 -0.010512
0.971762 -0.008791
0.978826 -0.007057
0.985887 -0.005310
0.992944 -0.003550
1.000000 -0.001777
