TE_REAL
0.997433 0.003482
0.990360 0.001725
0.983272 0.000024
0.976172 -0.001622
0.969059 -0.003213
0.961934 -0.004747
0.954796 -0.006225
0.947648 -0.007647
0.940488 -0.009013
0.933319 -0.010322
0.926139 -0.011576
0.918949 -0.012773
0.911751 -0.013914
0.904544 -0.015000
0.897328 -0.016030
0.890105 -0.017004
0.882875 -0.017923
0.875638 -0.018787
0.868395 -0.019597
0.861146 -0.020353
0.853892 -0.021054
0.846632 -0.021702
0.839368 -0.022297
0.832100 -0.022840
0.824829 -0.023330
0.817554 -0.023769
0.810276 -0.024157
0.802995 -0.024495
0.795713 -0.024783
0.788429 -0.025021
0.781143 -0.025211
0.773856 -0.025353
0.766568 -0.025447
0.759280 -0.025495
0.751992 -0.025498
0.744704 -0.025454
0.737416 -0.025367
0.730129 -0.025236
0.722843 -0.025061
0.715558 -0.024845
0.708275 -0.024587
0.700993 -0.024288
0.693712 -0.023949
0.686434 -0.023571
0.679157 -0.023155
0.671883 -0.022702
0.664612 -0.022211
0.657342 -0.021685
0.650076 -0.021123
0.642812 -0.020527
0.635551 -0.019898
0.628293 -0.019236
0.621038 -0.018542
0.613785 -0.017816
0.606536 -0.017061
0.599291 -0.016276
0.592048 -0.015462
0.584808 -0.014620
0.577572 -0.013751
0.570339 -0.012856
0.563109 -0.011936
0.555882 -0.010990
0.548658 -0.010020
0.541438 -0.009028
0.534221 -0.008012
0.527006 -0.006975
0.519795 -0.005917
0.512587 -0.004839
0.505382 -0.003741
0.498179 -0.002625
0.490980 -0.001490
0.483783 -0.000339
0.476589 0.000830
0.469397 0.002014
0.462208 0.003214
0.455021 0.004427
0.447837 0.005655
0.440655 0.006896
0.433475 0.008149
0.426297 0.009415
0.419121 0.010691
0.411947 0.011978
0.404775 0.013274
0.397604 0.014580
0.390435 0.015894
0.383268 0.017217
0.376102 0.018546
0.368937 0.019883
0.361773 0.021226
0.354610 0.022574
0.347449 0.023927
0.340288 0.025285
0.333128 0.026647
0.325968 0.028012
0.318809 0.029380
0.311651 0.030750
0.304493 0.032122
0.297335 0.033495
0.290177 0.034870
0.283019 0.036244
0.275862 0.037618
0.268704 0.038992
0.261546 0.040364
0.254388 0.041735
0.247229 0.043104
0.240070 0.044471
0.232910 0.045835
0.225750 0.047195
0.218589 0.048553
0.211427 0.049906
0.204265 0.051255
0.197101 0.052599
0.189934 0.053939
0.182769 0.055273
0.175603 0.056602
0.168435 0.057925
0.161267 0.059242
0.154097 0.060553
0.146926 0.061857
0.139754 0.063154
0.132581 0.064444
0.125406 0.065728
0.118230 0.067004
0.111053 0.068273
0.103874 0.069534
0.096695 0.070788
0.089513 0.072034
0.082309 0.073129
0.075037 0.073557
0.067757 0.073271
0.060540 0.072272
0.053456 0.070571
0.046572 0.068183
0.039955 0.065132
0.033667 0.061447
0.027771 0.057162
0.022322 0.052321
0.017372 0.046968
0.012969 0.041156
0.009156 0.034941
0.005969 0.028381
0.003439 0.021540
0.001590 0.014484
0.000440 0.007281
0.000000 0.000000
0.000274 -0.007289
0.001259 -0.014517
0.002947 -0.021613
0.005320 -0.028510
0.008356 -0.035141
0.012027 -0.041442
0.016295 -0.047354
0.021121 -0.052818
0.026459 -0.057783
0.032256 -0.062201
0.038458 -0.066029
0.045004 -0.069231
0.051831 -0.071776
0.058875 -0.073639
0.066048 -0.074928
0.073235 -0.076140
0.080426 -0.077326
0.087622 -0.078486
0.094821 -0.079622
0.102024 -0.080732
0.109232 -0.081817
0.116443 -0.082876
0.123657 -0.083911
0.130875 -0.084920
0.138097 -0.085903
0.145322 -0.086862
0.152551 -0.087795
0.159782 -0.088703
0.167017 -0.089586
0.174255 -0.090443
0.181495 -0.091275
0.188739 -0.092082
0.195985 -0.092864
0.203234 -0.093620
0.210486 -0.094351
0.217740 -0.095057
0.224996 -0.095737
0.232255 -0.096392
0.239516 -0.097021
0.246779 -0.097626
0.254044 -0.098204
0.261312 -0.098758
0.268581 -0.099286
0.275852 -0.099788
0.283124 -0.100265
0.290399 -0.100716
0.297674 -0.101141
0.304952 -0.101541
0.312230 -0.101915
0.319510 -0.102263
0.326791 -0.102586
0.334074 -0.102882
0.341357 -0.103153
0.348641 -0.103398
0.355926 -0.103616
0.363211 -0.103809
0.370498 -0.103975
0.377785 -0.104115
0.385072 -0.104229
0.392360 -0.104316
0.399648 -0.104377
0.406936 -0.104411
0.414224 -0.104418
0.421512 -0.104399
0.428800 -0.104353
0.436088 -0.104280
0.443375 -0.104180
0.450663 -0.104053
0.457949 -0.103899
0.465235 -0.103717
0.472520 -0.103508
0.479805 -0.103272
0.487088 -0.103008
0.494370 -0.102716
0.501652 -0.102397
0.508931 -0.102049
0.516210 -0.101674
0.523487 -0.101270
0.530762 -0.100838
0.538036 -0.100378
0.545308 -0.099889
0.552577 -0.099371
0.559845 -0.098825
0.567111 -0.098250
0.574374 -0.097646
0.581634 -0.097013
0.588892 -0.096350
0.596148 -0.095658
0.603400 -0.094937
0.610649 -0.094185
0.617896 -0.093405
0.625139 -0.092594
0.632378 -0.091753
0.639614 -0.090882
0.646847 -0.089980
0.654075 -0.089048
0.661299 -0.088086
0.668520 -0.087092
0.675736 -0.086068
0.682947 -0.085013
0.690154 -0.083927
0.697356 -0.082809
0.704553 -0.081660
0.711746 -0.080479
0.718932 -0.079267
0.726114 -0.078022
0.733290 -0.076746
0.740462 -0.075437
0.747626 -0.074097
0.754784 -0.072724
0.761936 -0.071318
0.769082 -0.069880
0.776220 -0.068409
0.783352 -0.066905
0.790477 -0.065368
0.797594 -0.063799
0.804704 -0.062195
0.811807 -0.060559
0.818902 -0.058889
0.825989 -0.057186
0.833067 -0.055449
0.840138 -0.053678
0.847200 -0.051873
0.854253 -0.050034
0.861297 -0.048162
0.868332 -0.046255
0.875358 -0.044314
0.882371 -0.042340
0.889378 -0.040330
0.896374 -0.038286
0.903361 -0.036208
0.910337 -0.034095
0.917303 -0.031948
0.924258 -0.029766
0.931202 -0.027550
0.938135 -0.025299
0.945056 -0.023013
0.951966 -0.020693
0.958865 -0.018338
0.965752 -0.015948
0.972626 -0.013524
0.979488 -0.011065
0.986338 -0.008572
0.993176 -0.006044
1.000000 -0.003482
